#Logger
10 130 3458.7219143639254
20 260 2770.490600620905
30 390 2292.8413977478995
40 520 1727.9469410008069
50 650 1652.9803912907737
60 780 1688.9723984157872
70 910 1516.4523695815353
80 1040 1464.1860584481205
90 1170 1287.9597808814706
100 1300 1288.671540710251
110 1430 1172.4418838383413
120 1560 1138.66060744018
130 1690 1144.0536477192097
140 1820 1068.9717664810369
150 1950 1059.2182089024006
160 2080 1040.0510601589488
170 2210 1030.9031912106282
180 2340 1023.0376836850534
190 2470 1010.8969903564039
200 2600 1008.0781255252349
210 2730 993.9251315438008
220 2860 983.2594287580627
230 2990 988.8352100602422
240 3120 982.2740547665611
250 3250 977.8201211635622
260 3380 976.4418085990274
270 3510 974.9573237810828
280 3640 966.2538738431831
290 3770 960.3694289765099
300 3900 960.8569982916849
310 4030 953.4677122247724
320 4160 952.0431716241106
330 4290 954.4075760573572
340 4420 945.370374262301
350 4550 946.4758359019687
360 4680 942.9673921278114
370 4810 942.0547911988325
380 4940 944.9416016007839
390 5070 944.1814336966798
400 5200 943.3975835495938
410 5330 937.3192002843044
420 5460 938.3130282446706
430 5590 939.7065363551709
440 5720 936.9399570762233
450 5850 935.0969107366997
460 5980 935.7486151928938
470 6110 938.3536386177461
480 6240 937.2823355102754
490 6370 934.8861522777355
500 6500 933.7389549890138
510 6630 933.6513334191748
520 6760 933.1472661909429
530 6890 933.1989710349651
540 7020 933.0430781440925
550 7150 932.4183175892591
560 7280 930.8723775373273
570 7410 931.7965570666519
580 7540 933.646652465043
590 7670 931.8206915892738
600 7800 930.7041137304368
610 7930 930.2011618656699
620 8060 930.6112580885567
630 8190 930.7041517264264
640 8320 930.3480731333539
650 8450 930.4757024453694
660 8580 929.2567441804346
670 8710 943.544365162797
680 8840 929.7596907379026
690 8970 929.0728176360759
700 9100 928.8499665404532
710 9230 943.0842834563301
720 9360 928.6822943825465
730 9490 928.9163013531758
740 9620 928.629413148484
750 9750 929.19572853607
760 9880 928.5596039737588
770 10010 928.440400715949
780 10140 928.346505894064
790 10270 942.285583695605
800 10400 928.4045794998955
810 10530 928.3312377498787
820 10660 942.2231162153985
830 10790 927.7910236676099
840 10920 927.7607177302546
850 11050 942.0684784257646
860 11180 942.0473890408236
870 11310 927.6994515810213
880 11440 942.0339668052468
890 11570 927.6671835732899
900 11700 927.6958179356083
910 11830 927.6862052395021
920 11960 942.025620167696
930 12090 927.640142711467
940 12220 927.6587168191716
950 12350 941.9822470487259
960 12480 927.62835521176
970 12610 941.9754177895188
980 12740 941.9804604940138
990 12870 927.619386659704
1000 13000 927.6213868602149
1010 13130 927.6059296962103
1020 13260 927.6009331005633
1030 13390 927.6132066525579
1040 13520 927.6074553836282
1050 13650 927.5924442831215
1060 13780 927.5895292005484
1070 13910 941.9402014586842
1080 14040 941.9372383445548
1090 14170 927.5806340852102
1100 14300 927.5786803157459
1110 14430 927.5794116545629
1120 14560 927.5772136258819
1130 14690 927.5730746165015
1140 14820 927.5666730330545
1150 14950 927.565053441631
1160 15080 927.5591733855803
1170 15210 927.5515448308958
1180 15340 927.5533872040444
1190 15470 941.9065935029839
1200 15600 927.5470929553921
1210 15730 927.5409833274241
1220 15860 927.5338888817505
1230 15990 941.8638185072598
1240 16120 941.8599004350043
1250 16250 927.4849125219616
1260 16380 927.4845451500017
1270 16510 941.8161255166949
1280 16640 927.467764945099
1290 16770 927.4542989218301
1300 16900 941.7818534450076
1310 17030 927.4215260628403
1320 17160 941.7659424616286
1330 17290 927.4179963665795
1340 17420 927.4168541021896
1350 17550 927.4152406391859
1360 17680 927.4176949482036
1370 17810 927.4044909570815
1380 17940 941.7597473196358
1390 18070 927.4074607124924
1400 18200 941.7557044065218
1410 18330 927.4041041624241
1420 18460 927.3997374402908
1430 18590 927.3979835473331
1440 18720 927.3956472095851
1450 18850 941.7456599061475
1460 18980 927.3973282986979
1470 19110 927.39391266221
1480 19240 927.3862063529534
1490 19370 927.3932913838836
1500 19500 927.3847777715055
1510 19630 927.3849067786781
1520 19760 941.7296258739286
1530 19890 927.3821015493069
1540 20020 941.7210608004077
1550 20150 927.3693399147121
1560 20280 927.3702034021671
1570 20410 941.7210721613218
1580 20540 927.3722614905456
1590 20670 941.7152318736316
1600 20800 927.3603289109062
1610 20930 927.3598190642192
1620 21060 941.7098370849276
1630 21190 927.3585432529949
1640 21320 941.7094232900463
1650 21450 927.3569493598264
1660 21580 927.3533986714214
1670 21710 941.7056682402981
1680 21840 927.3526499968489
1690 21970 927.3535117139365
1700 22100 927.3539133136834
1710 22230 927.3520582693257
1720 22360 941.7035214968125
1730 22490 927.3492354476136
1740 22620 927.3493637022642
1750 22750 927.3489231110816
1760 22880 927.3492801964073
1770 23010 941.6997885395186
1780 23140 927.3457209224749
1790 23270 927.3456367439298
1800 23400 941.6962869992111
1810 23530 941.6948138732772
1820 23660 927.3435043974465
1830 23790 927.3418135733542
1840 23920 927.3405680088363
1850 24050 927.3394290265037
1860 24180 927.3387092962073
1870 24310 941.6896484623907
1880 24440 927.3340834820219
1890 24570 927.331555153523
1900 24700 941.6738905662601
1910 24830 941.6654050357221
1920 24960 941.6691059692428
1930 25090 927.299252507139
1940 25220 927.2863188765393
1950 25350 927.2794008336527
1960 25480 927.2624648985077
1970 25610 927.2359382770164
1980 25740 941.5787393336159
1990 25870 927.1930754940472
2000 26000 941.5140920818518
2010 26130 927.1929302749713
2020 26260 941.5053524610119
2030 26390 941.4639862730071
2040 26520 941.4665855687169
2050 26650 927.1088648677837
2060 26780 941.4357602870886
2070 26910 941.4218919087924
2080 27040 927.0498678286199
2090 27170 941.4007041389716
2100 27300 941.4062573636899
2110 27430 941.3704175761268
2120 27560 941.2933859019198
2130 27690 941.2991487938025
2140 27820 941.2648129688087
2150 27950 926.8962556969169
2160 28080 926.8996484817712
2170 28210 941.2262983336462
2180 28340 926.842608113832
2190 28470 941.1966058059677
2200 28600 926.8549265444834
2210 28730 926.8303524065634
2220 28860 955.5481325790695
2230 28990 941.1780319166724
2240 29120 926.8353831401334
2250 29250 926.8380832512867
2260 29380 941.1585603034603
2270 29510 926.8572555783308
2280 29640 941.1898986436897
2290 29770 941.1909180290817
2300 29900 941.2081800846407
2310 30030 926.8442846802255
2320 30160 941.0979547659597
2330 30290 941.153372642473
2340 30420 926.778330280332
2350 30550 941.0861435148234
2360 30680 941.1381968933495
2370 30810 955.4562600187837
2380 30940 941.1091754286585
2390 31070 926.7568400373473
2400 31200 941.1063713555876
2410 31330 941.1024945682199
2420 31460 941.0671166673693
2430 31590 941.0704071726294
2440 31720 941.0677823917226
2450 31850 941.0454153816058
2460 31980 926.6847367297349
2470 32110 926.7098948075252
2480 32240 941.039139686634
2490 32370 941.0209360596707
2500 32500 941.0245891237992
2510 32630 940.9867201388937
2520 32760 926.6129555325291
2530 32890 926.6303404743426
2540 33020 940.9689400091705
2550 33150 940.9370866827551
2560 33280 940.9361566397065
2570 33410 926.5947263467511
2580 33540 926.607785867122
2590 33670 926.576149118292
2600 33800 926.5735680776053
2610 33930 926.59214077595
2620 34060 940.9240429145859
2630 34190 940.8994289036507
2640 34320 940.890848371074
2650 34450 940.909181295243
2660 34580 926.567277030985
2670 34710 926.546529697331
2680 34840 940.873587813704
2690 34970 940.9171884205449
2700 35100 926.5215558726619
2710 35230 926.5441151517482
2720 35360 940.9492323207269
2730 35490 940.8971563221552
2740 35620 940.9321845344016
2750 35750 940.8911157278162
2760 35880 940.8584596247288
2770 36010 926.5172008088022
2780 36140 940.8555825137096
2790 36270 940.8480586137172
2800 36400 926.5023501866095
2810 36530 940.8595566097092
2820 36660 940.8665236599264
2830 36790 926.5088365110066
2840 36920 940.8697826207294
2850 37050 926.5027202152633
2860 37180 940.8437613856463
2870 37310 940.8267091468709
2880 37440 940.8346996210869
2890 37570 926.4878595467534
2900 37700 940.8364749962401
2910 37830 940.8221846551055
2920 37960 940.8264605206983
2930 38090 926.4763228999861
2940 38220 940.8170833640908
2950 38350 940.8188173654657
2960 38480 940.8156730182408
2970 38610 940.8177627875228
2980 38740 940.8174082133122
2990 38870 940.8107175359033
3000 39000 940.8052711641227
3010 39130 940.8176561697403
3020 39260 940.8261532158682
3030 39390 926.4662454109347
3040 39520 940.8044728236148
3050 39650 940.808922594507
3060 39780 940.7958745630698
3070 39910 940.7888749858537
3080 40040 926.4376456020832
3090 40170 940.7588056585216
3100 40300 940.7665357454705
3110 40430 940.7464729658848
3120 40560 926.3840679659384
3130 40690 940.739638276767
3140 40820 940.7009178832174
3150 40950 926.3458094649038
3160 41080 926.3259793588471
3170 41210 926.3082125900838
3180 41340 926.31187872541
3190 41470 926.3153573149543
3200 41600 940.6610044403054
3210 41730 940.6509349610518
3220 41860 940.6595650512334
3230 41990 926.3013717192473
3240 42120 926.3081417601629
3250 42250 940.6681095523483
3260 42380 926.3294126836469
3270 42510 940.6494032396764
3280 42640 940.6506665275956
3290 42770 940.6497510460815
3300 42900 940.6422422704184
3310 43030 926.2959290458621
3320 43160 954.9893340977832
3330 43290 926.2743523487532
3340 43420 926.2845318098866
3350 43550 940.6269405010962
3360 43680 940.6279393965849
3370 43810 940.6291312922706
3380 43940 940.6204472323903
3390 44070 940.6198743587354
3400 44200 940.6214161503484
3410 44330 940.617512843633
3420 44460 940.6173604833089
3430 44590 926.2596268002789
3440 44720 940.6176304001401
3450 44850 940.61756524473
3460 44980 926.2898555480967
3470 45110 926.2627749455675
3480 45240 940.6106185269506
3490 45370 926.2656607021839
3500 45500 926.2587406169596
3510 45630 940.6074166138145
3520 45760 926.2560261033864
3530 45890 940.6070489603017
3540 46020 940.60546686394
3550 46150 940.604926452271
3560 46280 940.6049483741472
3570 46410 926.2509544357712
3580 46540 926.249680013224
3590 46670 926.2489111130694
3600 46800 940.5984932183958
3610 46930 940.5990852326702
3620 47060 940.5976346504463
3630 47190 940.5980615907059
3640 47320 926.2459255005574
3650 47450 940.5926200293368
3660 47580 926.2375313783388
3670 47710 940.5868878443838
3680 47840 940.5863419632749
3690 47970 926.234744611718
3700 48100 940.5837032094012
3710 48230 940.5837810479178
3720 48360 940.5861772414805
3730 48490 940.5835782444425
3740 48620 940.5859018871981
3750 48750 940.5814216480101
3760 48880 954.9332577941512
3770 49010 940.5790664935979
3780 49140 940.5773870622421
3790 49270 940.5773865783511
3800 49400 926.2243691210349
3810 49530 926.2230503652612
3820 49660 940.574078388398
3830 49790 926.2232458728405
3840 49920 940.5740840184392
3850 50050 940.5723084991881
3860 50180 940.5725415647372
3870 50310 940.5691684376453
3880 50440 926.215977571856
3890 50570 940.5674689385112
3900 50700 954.9184108934671
3910 50830 940.5666610592197
3920 50960 940.5670174450725
3930 51090 940.5654638542601
3940 51220 926.2123321382567
3950 51350 926.2102190456957
3960 51480 940.5611736266715
3970 51610 940.5594283163196
3980 51740 940.5557523840714
3990 51870 926.2010957640102
4000 52000 940.5497023198191
4010 52130 940.5488944159738
4020 52260 940.5476520985051
4030 52390 940.5481868360926
4040 52520 940.5464652162053
4050 52650 940.5458258410368
4060 52780 926.1930520979166
4070 52910 940.5440568302843
4080 53040 940.5435658585866
4090 53170 926.19083265811
4100 53300 940.5409713632229
4110 53430 940.5395544373316
4120 53560 940.5392857565201
4130 53690 926.1838761234462
4140 53820 926.1832596327357
4150 53950 940.528732226949
4160 54080 940.524980060725
4170 54210 940.5181585058383
4180 54340 940.5125101969293
4190 54470 940.5116814367938
4200 54600 940.5062782516394
4210 54730 926.1523017300042
4220 54860 940.5019532792821
4230 54990 926.1545077449197
4240 55120 954.8501233938649
4250 55250 940.5044091175248
4260 55380 940.5030510538951
4270 55510 940.4993993037114
4280 55640 940.5053904072427
4290 55770 926.151195766611
4300 55900 926.1442563790982
4310 56030 954.8455499659917
4320 56160 926.1466516492427
4330 56290 940.4894106250817
4340 56420 940.4926612276184
4350 56550 926.1430794675514
4360 56680 926.1370402495753
4370 56810 940.489051000046
4380 56940 940.4831555845079
4390 57070 940.4811550858076
4400 57200 940.4806669457023
4410 57330 940.4780089545225
4420 57460 926.1257065539809
4430 57590 926.1243974710677
4440 57720 926.1290806845399
4450 57850 940.480362150692
4460 57980 940.4742146471665
4470 58110 926.1172146386555
4480 58240 926.1146839512206
4490 58370 926.1056223733465
4500 58500 926.1104314907961
4510 58630 926.0999389136905
4520 58760 940.4553439828838
4530 58890 940.4490642609069
4540 59020 940.453697629134
4550 59150 940.4420794359366
4560 59280 940.442062709953
4570 59410 954.7921692610787
4580 59540 926.0899679960182
4590 59670 926.0759809845576
4600 59800 940.4222405036268
4610 59930 940.4138528450114
4620 60060 940.3961891761592
4630 60190 940.3840013701035
4640 60320 926.0274866195211
4650 60450 940.3355210222115
4660 60580 940.3067421755076
4670 60710 940.2877533382855
4680 60840 925.9035209503272
4690 60970 925.8021192758894
4700 61100 925.8407959447303
4710 61230 939.9885482740526
4720 61360 954.263040150826
4730 61490 925.5687857419716
4740 61620 925.6069222809715
4750 61750 939.8897246716423
4760 61880 954.2598834362748
4770 62010 939.8640190069414
4780 62140 925.5521897188339
4790 62270 925.5376393677268
4800 62400 939.8875167958437
4810 62530 939.89253037909
4820 62660 954.2174111851299
4830 62790 939.8607956418281
4840 62920 925.5214607735556
4850 63050 939.8457975230609
4860 63180 939.8828748873595
4870 63310 939.8626936375246
4880 63440 925.5070843840995
4890 63570 939.8461367782123
4900 63700 939.8442453639389
4910 63830 939.8468052280688
4920 63960 939.846806078283
4930 64090 939.8457665214985
4940 64220 939.8337292523075
4950 64350 939.8854855454958
4960 64480 939.8330001953387
4970 64610 925.5087309885328
4980 64740 939.8647517415109
4990 64870 925.5175340950877
5000 65000 925.4795496397571
5010 65130 925.4909035191974
5020 65260 939.8450283052304
5030 65390 939.8188666179901
5040 65520 925.4803958341998
5050 65650 939.8152234276475
5060 65780 939.8220482827894
5070 65910 939.797967148814
5080 66040 939.7675757841441
5090 66170 939.7864257070974
5100 66300 939.7715066181553
5110 66430 939.7377707869097
5120 66560 939.7422872689833
5130 66690 925.3731019971351
5140 66820 939.7142222239589
5150 66950 939.7091076579421
5160 67080 925.3543435936307
5170 67210 925.3108789757865
5180 67340 925.2581547327691
5190 67470 953.9492915843821
5200 67600 939.5688709079427
5210 67730 939.5577671760116
5220 67860 953.8654097822148
5230 67990 925.1755705272676
5240 68120 925.1581862554299
5250 68250 925.1514293720714
5260 68380 939.5086109782375
5270 68510 925.1165467602336
5280 68640 925.108003238661
5290 68770 939.4622403300546
5300 68900 939.4724779541315
5310 69030 925.1018526003716
5320 69160 939.444593716109
5330 69290 953.8062416330637
5340 69420 953.8212494489009
5350 69550 925.1171393864468
5360 69680 939.4468283140723
5370 69810 925.1065953634117
5380 69940 939.4641334112152
5390 70070 925.1260633265221
5400 70200 925.1001371463909
5410 70330 939.4525561397627
5420 70460 939.4402166249253
5430 70590 939.4407539716077
5440 70720 939.4392365832518
5450 70850 925.0764979611993
5460 70980 939.4154976338398
5470 71110 953.7493838792443
5480 71240 925.0457015161676
5490 71370 939.415608148774
5500 71500 925.0330874797806
5510 71630 953.7264658529004
5520 71760 939.3750427615674
5530 71890 939.3696201668072
5540 72020 939.368415711212
5550 72150 939.344609869076
5560 72280 953.6702960048581
5570 72410 939.2988797529933
5580 72540 924.9137468507553
5590 72670 939.2221780570212
5600 72800 953.5456269100833
5610 72930 939.1772338801982
5620 73060 939.1020644543534
5630 73190 939.1037348638195
5640 73320 924.80353988142
5650 73450 939.0266257341951
5660 73580 939.0463583754342
5670 73710 939.0494879445258
5680 73840 924.671358123764
5690 73970 953.3614501645015
5700 74100 938.9507242640287
5710 74230 924.6371456226615
5720 74360 938.9812738218077
5730 74490 924.6052059731899
5740 74620 924.5895921405205
5750 74750 938.9421398532335
5760 74880 938.9371307766933
5770 75010 938.9385419649576
5780 75140 924.596294075195
5790 75270 924.5846011263878
5800 75400 938.941186295438
5810 75530 953.2941588538295
5820 75660 938.93604489943
5830 75790 938.9346982021667
5840 75920 924.5826190938926
5850 76050 938.9298061825376
5860 76180 924.5748440388952
5870 76310 938.9234685603179
5880 76440 938.9227430949704
5890 76570 924.5678938068891
5900 76700 938.9202381632421
5910 76830 938.9197760215048
5920 76960 938.9169433838845
5930 77090 938.9166247981489
5940 77220 924.5686060840214
5950 77350 924.5657750201829
5960 77480 924.5664011319257
5970 77610 924.5636521747631
5980 77740 924.5647622385828
5990 77870 924.5670083154176
6000 78000 938.9166660015807
6010 78130 938.9190235756336
6020 78260 938.9190346615919
6030 78390 938.9175333855873
6040 78520 938.9175414100864
6050 78650 924.5634765608964
6060 78780 938.9164864984997
6070 78910 938.9159292278233
6080 79040 938.9152673367114
6090 79170 924.5659362425067
6100 79300 938.915213238704
6110 79430 924.5666061808778
6120 79560 938.9161438435657
6130 79690 938.9162440545497
6140 79820 924.5634182173719
6150 79950 924.5635377757114
6160 80080 938.9144747238203
6170 80210 938.9150024441132
6180 80340 938.9171064872448
6190 80470 938.91429945122
6200 80600 924.5614815753884
6210 80730 924.562160348454
6220 80860 924.5609055156102
6230 80990 938.9107077341743
6240 81120 938.9111237140328
6250 81250 938.9097105348833
6260 81380 938.9075348671566
6270 81510 953.2600157749127
6280 81640 938.9074539652651
6290 81770 938.904079090155
6300 81900 938.9035759327832
6310 82030 924.55017274882
6320 82160 938.9002172851166
6330 82290 924.5471798978621
6340 82420 938.8990208717087
6350 82550 924.5455395695209
6360 82680 938.8934527999888
6370 82810 938.8992748284118
6380 82940 938.8960020943523
6390 83070 938.8935303579512
6400 83200 924.5358820274419
6410 83330 938.8870066204063
6420 83460 924.5263904124679
6430 83590 938.875213097432
6440 83720 924.5180733980803
6450 83850 938.8563825824126
6460 83980 938.859586574504
6470 84110 938.8456320737171
6480 84240 938.8373006706393
6490 84370 924.4678812123705
6500 84500 938.8023652259583
6510 84630 938.7933729959655
6520 84760 924.4350895799646
6530 84890 924.4342325184
6540 85020 938.7836637339803
6550 85150 953.1352350260217
6560 85280 924.4351408560576
6570 85410 924.435839683502
6580 85540 953.1361827384685
6590 85670 938.7811185886145
6600 85800 938.7818303255327
6610 85930 924.4317075856372
6620 86060 924.4356496941558
6630 86190 938.7895048447821
6640 86320 924.438023917365
6650 86450 924.4263238133601
6660 86580 938.7795674951258
6670 86710 924.4289030124664
6680 86840 938.778726834402
6690 86970 924.4263403382319
6700 87100 938.7758635051812
6710 87230 924.4278193042793
6720 87360 938.7789292445048
6730 87490 938.7772156679351
6740 87620 924.4258728359722
6750 87750 924.4243812694577
6760 87880 938.7754397332943
6770 88010 938.7754009513133
6780 88140 924.4235893398119
6790 88270 938.7746995043983
6800 88400 938.7757731046443
6810 88530 938.7757030592454
6820 88660 938.7738279490463
6830 88790 938.7749945077858
6840 88920 938.7745114636605
6850 89050 924.4205737215963
6860 89180 924.4210093686285
6870 89310 924.4209342537558
6880 89440 938.7718316484322
6890 89570 924.4205702803108
6900 89700 924.4188263849263
6910 89830 938.7694412508184
6920 89960 924.4166780302103
6930 90090 924.4174633878224
6940 90220 924.4175522570289
6950 90350 924.4175306706866
6960 90480 938.7703439223777
6970 90610 938.769366442625
6980 90740 938.7692526390177
6990 90870 924.4164471169188
7000 91000 938.7686796043661
7010 91130 938.7684518843356
7020 91260 924.4162238595585
7030 91390 938.7677090480046
7040 91520 924.4150417684314
7050 91650 938.7684231425874
7060 91780 924.414632578356
7070 91910 938.7669124267971
7080 92040 938.766165650097
7090 92170 938.7668311393307
7100 92300 924.4144290524805
7110 92430 924.4146111298501
7120 92560 924.4139339001625
7130 92690 938.7653532110637
7140 92820 938.7648553723653
7150 92950 924.4119742948195
7160 93080 938.7637028877571
7170 93210 924.4099630795926
7180 93340 938.7616466201754
7190 93470 938.7614532301266
7200 93600 938.7602677127404
7210 93730 924.4074727032611
7220 93860 938.7598248787602
7230 93990 938.7597951852583
7240 94120 924.4073291434519
7250 94250 938.7593050465333
7260 94380 938.7576655109486
7270 94510 924.4054858176934
7280 94640 938.7564206639913
7290 94770 924.403740445839
7300 94900 924.4019181146498
7310 95030 924.4015965723156
7320 95160 938.7535070605027
7330 95290 938.7518620377931
7340 95420 924.3987560341907
7350 95550 938.7510918553357
7360 95680 924.3975358471214
7370 95810 924.395549845445
7380 95940 938.7480948314386
7390 96070 938.7481817768049
7400 96200 938.748721732526
7410 96330 938.7485048297023
7420 96460 938.7483555249141
7430 96590 924.395659345248
7440 96720 938.7478995731896
7450 96850 938.7477291058814
7460 96980 938.7482111871573
7470 97110 938.7477804482752
7480 97240 924.3954393909772
7490 97370 924.3953728427413
7500 97500 938.7477158418288
7510 97630 924.3954477807707
7520 97760 924.395407422982
7530 97890 924.3954350312323
7540 98020 924.3954036679586
7550 98150 924.3954273764277
7560 98280 924.3951247811083
7570 98410 938.747557589307
7580 98540 924.3953295706759
7590 98670 938.7475567872375
7600 98800 924.3952048989555
7610 98930 924.3950967850533
7620 99060 924.3951661131301
7630 99190 953.09968923873
7640 99320 938.747389139866
7650 99450 924.3950472280568
7660 99580 938.747287108919
7670 99710 938.7472723780634
7680 99840 924.3950474245994
7690 99970 924.3950389740469
7700 100100 924.3949760364827
7710 100230 924.3949786772781
7720 100360 924.3950338279956
7730 100490 924.3949211637859
7740 100620 924.3949175474694
7750 100750 924.3948795405782
7760 100880 924.3948645156071
7770 101010 938.7471544989659
7780 101140 924.3948784077644
7790 101270 938.7471476133604
7800 101400 953.0993579192514
7810 101530 924.3948253069708
7820 101660 938.7471216849804
7830 101790 938.7470779760206
7840 101920 938.7471007945364
7850 102050 924.3948436575624
7860 102180 924.3948612525962
7870 102310 938.7470796885566
7880 102440 938.7470729427608
7890 102570 938.747060836571
7900 102700 924.3947959583443
7910 102830 953.0993362460524
7920 102960 953.0993230903937
7930 103090 938.7470555513892
7940 103220 938.7470394855138
7950 103350 938.7470393095763
7960 103480 924.3947742183186
7970 103610 938.7470381347933
7980 103740 924.3947695203285
7990 103870 938.7470411535207
8000 104000 924.3947636257465
8010 104130 938.7470349135217
8020 104260 938.7470403758755
8030 104390 924.3947648091054
8040 104520 953.0993072031268
8050 104650 924.3947625622941
8060 104780 924.3947650032
8070 104910 924.3947588829675
8080 105040 938.7470344598854
8090 105170 938.7470273876855
8100 105300 938.7470262327312
8110 105430 938.7470262992217
8120 105560 938.7470265397507
8130 105690 924.3947521883847
8140 105820 938.7470254949686
8150 105950 938.7470253194513
8160 106080 924.394751923035
8170 106210 938.7470224222153
8180 106340 924.3947490963645
8190 106470 924.3947442443462
8200 106600 938.7470115313712
8210 106730 924.3947399738571
8220 106860 938.7470117463561
8230 106990 924.3947340898023
8240 107120 938.7469999869485
8250 107250 938.7469970384936
8260 107380 938.7469876687009
8270 107510 938.7469843405189
8280 107640 938.7469663595856
8290 107770 924.3946703996764
8300 107900 924.3946512174056
8310 108030 938.7469189319714
8320 108160 938.7468727516131
8330 108290 924.3946138450672
8340 108420 938.7468476097372
8350 108550 938.7467858451267
8360 108680 924.3944598762438
8370 108810 953.0989039480828
8380 108940 924.3943270882872
8390 109070 938.7464687501006
8400 109200 938.7464322311162
8410 109330 924.3940237133868
8420 109460 938.7461064274693
8430 109590 924.3939223169252
8440 109720 938.7461409537432
8450 109850 938.7460973119605
8460 109980 953.0983497007403
8470 110110 938.74607403814
8480 110240 924.3938052168226
8490 110370 938.7460991137436
8500 110500 924.3938263774285
8510 110630 938.7460583991563
8520 110760 924.3937951416627
8530 110890 938.7460744839659
8540 111020 938.7460675778411
8550 111150 924.393820396951
8560 111280 938.7460764091679
8570 111410 924.3938171599934
8580 111540 938.7460691064759
8590 111670 938.7460632164951
8600 111800 938.7460595375555
8610 111930 938.7460531598267
8620 112060 924.3937859712182
8630 112190 938.746053544608
8640 112320 938.746058606144
8650 112450 938.746053432181
8660 112580 938.7460411479226
8670 112710 938.7460412061297
8680 112840 924.3937700051541
8690 112970 938.7460273109953
8700 113100 938.7460326949872
8710 113230 924.3937620473857
8720 113360 938.7460243959471
8730 113490 924.3937654044876
8740 113620 938.7460288679825
8750 113750 924.3937494136358
8760 113880 924.3937232328723
8770 114010 938.7459899964404
8780 114140 924.3937334637388
8790 114270 938.7459792010286
8800 114400 924.3936936825513
8810 114530 924.393690633874
8820 114660 938.745972212711
8830 114790 938.7459589024546
8840 114920 938.7459571801525
8850 115050 938.7459524953636
8860 115180 924.3936753447058
8870 115310 938.7459215823394
8880 115440 924.3936657742253
8890 115570 938.7459100945706
8900 115700 924.3936246862501
8910 115830 924.3936148631668
8920 115960 924.3936147883481
8930 116090 924.3936250835146
8940 116220 924.3936199580099
8950 116350 924.393563446641
8960 116480 938.7458149642779
8970 116610 924.3935911151153
8980 116740 938.7458338454359
8990 116870 924.3935560654002
9000 117000 938.7457973988386
9010 117130 924.3935533271025
9020 117260 924.3935161930418
9030 117390 938.7457985311277
9040 117520 938.7457836952958
9050 117650 938.7457736636968
9060 117780 938.7457759796865
9070 117910 938.745767734821
9080 118040 938.7457517901735
9090 118170 938.7457420381368
9100 118300 938.7457520675176
9110 118430 924.3934668441798
9120 118560 924.3934700161667
9130 118690 924.3934401520899
9140 118820 924.3934503434432
9150 118950 938.7457103984647
9160 119080 924.393426330803
9170 119210 938.7456714704942
9180 119340 924.393404705222
9190 119470 924.3933888286596
9200 119600 924.3933795105561
9210 119730 924.393355530536
9220 119860 924.3933214826001
9230 119990 938.7455699353347
9240 120120 924.3933082429685
9250 120250 938.7455629760807
9260 120380 938.7454925057863
9270 120510 938.7454631237296
9280 120640 924.3931931505402
9290 120770 924.3931780801901
9300 120900 924.3931328346872
9310 121030 938.7453916042678
9320 121160 938.7453790213649
9330 121290 924.3930909978142
9340 121420 924.3930247348299
9350 121550 938.7451880109844
9360 121680 938.7451570895131
9370 121810 938.7451620079376
9380 121940 924.3928009462851
9390 122070 938.7448675263571
9400 122200 924.392579976645
9410 122330 938.7448992285624
9420 122460 938.7445486181621
9430 122590 924.3921975413393
9440 122720 938.74404789642
9450 122850 938.7440020972876
9460 122980 938.7436259559066
9470 123110 938.7429136134837
9480 123240 938.7423286508607
9490 123370 924.3887366266234
9500 123500 938.739395953356
9510 123630 938.7378243522612
9520 123760 938.7354124659755
9530 123890 924.3831419788379
9540 124020 938.7351608430916
9550 124150 924.3777243358636
9560 124280 924.3785276684367
9570 124410 938.7260539380071
9580 124540 938.7222555718221
9590 124670 924.3636494047992
9600 124800 938.7094943314737
9610 124930 938.7198118345666
9620 125060 924.3568755679255
9630 125190 924.3564378806069
9640 125320 938.6963663084255
9650 125450 924.3378276647156
9660 125580 924.3323859127585
9670 125710 924.33545941669
9680 125840 924.3527617943658
9690 125970 924.3409111891172
9700 126100 938.679629217534
9710 126230 924.3361907313174
9720 126360 924.3321826759121
9730 126490 938.680469881038
9740 126620 924.334159984236
9750 126750 924.3289880837518
9760 126880 938.6868107079332
9770 127010 938.6797584355306
9780 127140 938.6821679849324
9790 127270 938.6819969937633
9800 127400 938.6786517982437
9810 127530 924.325876762466
9820 127660 924.3268823188747
9830 127790 924.3250104342544
9840 127920 938.6784991854036
9850 128050 953.0301188277169
9860 128180 924.3262381098461
9870 128310 924.3259071825423
9880 128440 924.3257527630915
9890 128570 938.6776995592697
9900 128700 938.6779822621005
9910 128830 938.6780303141102
9920 128960 924.3260178172474
9930 129090 938.6776028433889
9940 129220 938.6778861950959
9950 129350 938.6775876837582
9960 129480 924.3255773048355
9970 129610 938.6775459068996
9980 129740 938.6779170027612
9990 129870 924.3252587696677
10000 130000 924.3254713097134
10010 130130 953.0297697962667
10020 130260 924.325571865861
10030 130390 938.677513799301
10040 130520 924.3250934187763
10050 130650 938.6774795559373
10060 130780 938.6774674800432
10070 130910 938.677966268624
10080 131040 924.3255539611876
10090 131170 924.3250282031353
10100 131300 924.3255031702565
10110 131430 938.6774981659979
10120 131560 938.6770607879945
10130 131690 938.6769822631736
10140 131820 938.6768398151357
10150 131950 938.6766484492088
10160 132080 924.3244249999819
10170 132210 938.6767630243683
10180 132340 938.6764480385923
10190 132470 938.6761932273871
10200 132600 953.0282426702132
10210 132730 938.6752471014333
10220 132860 938.6749303237466
10230 132990 924.3229094778754
10240 133120 924.3224882049425
10250 133250 938.6741829074135
10260 133380 938.6737773983936
10270 133510 938.6733415676873
10280 133640 938.6724664822057
10290 133770 953.0245021732857
10300 133900 924.3197323056395
10310 134030 924.3196252045964
10320 134160 924.3195780691331
10330 134290 938.6716206216244
10340 134420 924.3193898855088
10350 134550 924.3194400660736
10360 134680 924.3191549107082
10370 134810 938.671318249494
10380 134940 938.6714765767814
10390 135070 938.6710381573616
10400 135200 924.318988948356
10410 135330 924.3184920945673
10420 135460 953.0223847122639
10430 135590 938.6697286336208
10440 135720 938.6699358614151
10450 135850 924.3173229791346
10460 135980 938.6697302285481
10470 136110 924.3177276139394
10480 136240 924.3174784137634
10490 136370 938.669660502355
10500 136500 938.6697261806484
10510 136630 938.6695347655946
10520 136760 924.3168350408894
10530 136890 953.0217660506983
10540 137020 938.6692499834716
10550 137150 938.6688913221885
10560 137280 938.6680545724182
10570 137410 938.668912012874
10580 137540 938.6689564348003
10590 137670 938.6684072378508
10600 137800 938.6678970095577
10610 137930 924.3156262763351
10620 138060 938.6681647236823
10630 138190 938.6666895988404
10640 138320 938.66611983414
10650 138450 938.6667009331451
10660 138580 938.6658924755493
10670 138710 924.3131988895789
10680 138840 938.6644824724864
10690 138970 924.3118723528763
10700 139100 924.312588416217
10710 139230 938.6654221073927
10720 139360 924.3116369363877
10730 139490 924.312754058372
10740 139620 924.312512834759
10750 139750 924.3116492566539
10760 139880 938.6640959116361
10770 140010 938.6653293922138
10780 140140 953.0169823821561
10790 140270 924.3121212115204
10800 140400 924.312590855958
10810 140530 938.6639139546052
10819 140647 938.6638845390702
# End with condition = no_improvement_generations (最小評価値の更新が、5200 世代連続で見られなかったため停止)