#Logger
10.0 120.0 0.6172465635654739
20.0 240.0 0.4742809382850834
30.0 360.0 0.37164671874040195
40.0 480.0 0.32499157422312924
50.0 600.0 0.241532677819253
60.0 720.0 0.20091108227711882
70.0 840.0 0.14067753097820576
80.0 960.0 0.09532295782869495
90.0 1080.0 0.08670860448364624
100.0 1200.0 0.05214545640440131
110.0 1320.0 0.04172825446366824
120.0 1440.0 0.03579412379426884
130.0 1560.0 0.03820305251719438
140.0 1680.0 0.050565091095279666
150.0 1800.0 0.07484120225026189
160.0 1920.0 0.08481347692852613
170.0 2040.0 0.07655662511638522
180.0 2160.0 0.06554610918617099
190.0 2280.0 0.06112494014195016
200.0 2400.0 0.05401628989136974
210.0 2520.0 0.03934343475791821
220.0 2640.0 0.039653553278741115
230.0 2760.0 0.04738629590850017
240.0 2880.0 0.041352501912741875
250.0 3000.0 0.03556470285474393
260.0 3120.0 0.03391398569728365
270.0 3240.0 0.03685519824495424
280.0 3360.0 0.03191153977354574
290.0 3480.0 0.027859747621371122
300.0 3600.0 0.023470538991892012
310.0 3720.0 0.02332774187385777
320.0 3840.0 0.02164414055591062
330.0 3960.0 0.020875020606296663
340.0 4080.0 0.025392504442573943
350.0 4200.0 0.015676784581145926
360.0 4320.0 0.009261695489827384
370.0 4440.0 0.008179734275326634
380.0 4560.0 0.00720968287700668
390.0 4680.0 0.006071506268205469
400.0 4800.0 0.006364821272190145
410.0 4920.0 0.008430866778849236
420.0 5040.0 0.0079488509859915
430.0 5160.0 0.008573440624197626
440.0 5280.0 0.010363750420681678
450.0 5400.0 0.008293932354657363
460.0 5520.0 0.006891982087343873
470.0 5640.0 0.007793263477025618
480.0 5760.0 0.010612014966019238
490.0 5880.0 0.013395981042792656
500.0 6000.0 0.013060106765992731
510.0 6120.0 0.013989460208743094
520.0 6240.0 0.009436236139365815
530.0 6360.0 0.007924496498495817
540.0 6480.0 0.007434512086899945
550.0 6600.0 0.006575753147313745
560.0 6720.0 0.004997311162388675
570.0 6840.0 0.005038707340115718
580.0 6960.0 0.004964774297586693
590.0 7080.0 0.004010378787677071
600.0 7200.0 0.0037077157663986406
610.0 7320.0 0.0034847648658828034
620.0 7440.0 0.003661533863258118
630.0 7560.0 0.0034155191698474864
640.0 7680.0 0.0036718325583042924
650.0 7800.0 0.0038149043489525687
660.0 7920.0 0.0032761589396198987
670.0 8040.0 0.002641991224584279
680.0 8160.0 0.0025468462639201698
690.0 8280.0 0.00205266852929429
700.0 8400.0 0.00163292640417323
710.0 8520.0 0.0013956411972655504
720.0 8640.0 0.001353695771537148
730.0 8760.0 0.0011192879503476685
740.0 8880.0 0.0010577008613346938
750.0 9000.0 0.0008474347552876206
760.0 9120.0 0.0007304282462813902
770.0 9240.0 0.0008100328641718953
780.0 9360.0 0.0015842125016591341
790.0 9480.0 0.0024749876787834675
800.0 9600.0 0.002588462467291379
810.0 9720.0 0.0024992434110301287
820.0 9840.0 0.002591735641020127
830.0 9960.0 0.0018205097507328007
840.0 10080.0 0.0017479721984486945
850.0 10200.0 0.0017878622900215273
860.0 10320.0 0.0015134893737080394
870.0 10440.0 0.0014653952343704594
880.0 10560.0 0.0011328807315754853
890.0 10680.0 0.0010545240106495544
900.0 10800.0 0.0010043868870257132
910.0 10920.0 0.0010662008040898754
920.0 11040.0 0.0010903431175480942
930.0 11160.0 0.0011621929993059035
940.0 11280.0 0.0009619577078943294
950.0 11400.0 0.0007794238401615703
960.0 11520.0 0.000864521231540389
960.0 11520.0 0.000864521231540389
970.0 11640.0 0.585060592327303
980.0 11760.0 0.37294544986090944
990.0 11880.0 0.2957435418865703
1000.0 12000.0 0.21082801996419648
1010.0 12120.0 0.1754501694757471
1020.0 12240.0 0.1359200837394922
1030.0 12360.0 0.0991673332412655
1040.0 12480.0 0.09313829337091921
1050.0 12600.0 0.1251363321068532
1060.0 12720.0 0.10607087190687062
1070.0 12840.0 0.0961868929622253
1080.0 12960.0 0.07641106049105043
1090.0 13080.0 0.0671284417296242
1100.0 13200.0 0.06152201572353422
1110.0 13320.0 0.048267405674325706
1120.0 13440.0 0.04036221066882273
1130.0 13560.0 0.032667793918868114
1140.0 13680.0 0.03131704498758666
1150.0 13800.0 0.035523548473726595
1160.0 13920.0 0.027556733132178428
1170.0 14040.0 0.019864342995456828
1180.0 14160.0 0.016728965096510395
1190.0 14280.0 0.01643664952553514
1200.0 14400.0 0.01186073087827841
1210.0 14520.0 0.011139015618751653
1220.0 14640.0 0.010924624555737264
1230.0 14760.0 0.010546988230596995
1240.0 14880.0 0.008969430206798374
1250.0 15000.0 0.010976731467563295
1260.0 15120.0 0.011064540083150354
1270.0 15240.0 0.010847218641095755
1280.0 15360.0 0.00918952606345482
1290.0 15480.0 0.009799963426800099
1300.0 15600.0 0.011458974958219249
1310.0 15720.0 0.013106914935024389
1320.0 15840.0 0.008735091367430746
1330.0 15960.0 0.006581375148481063
1340.0 16080.0 0.005711080163688295
1350.0 16200.0 0.00563357041204088
1360.0 16320.0 0.004294067275903779
1370.0 16440.0 0.0031867074434682122
1380.0 16560.0 0.0030687265276968306
1390.0 16680.0 0.003264539237889139
1400.0 16800.0 0.003637737240624233
1410.0 16920.0 0.004047165770975687
1420.0 17040.0 0.0034811298668858282
1430.0 17160.0 0.002668514027555468
1440.0 17280.0 0.002121608655533471
1450.0 17400.0 0.001956366589098806
1460.0 17520.0 0.0018113355160896327
1470.0 17640.0 0.00201517491061104
1480.0 17760.0 0.0021753365760596647
1490.0 17880.0 0.002250356414321529
1500.0 18000.0 0.0018721375813725318
1510.0 18120.0 0.00124412337588808
1520.0 18240.0 0.0011023592604846582
1530.0 18360.0 0.0010191353686752698
1540.0 18480.0 0.0007975456200496507
1550.0 18600.0 0.0006703156782760105
1560.0 18720.0 0.0006241093102822006
1570.0 18840.0 0.000467449195288583
1580.0 18960.0 0.00039877236773565636
1590.0 19080.0 0.00042619528079992415
1600.0 19200.0 0.00035321338494011256
1602.0 19224.0 0.00036280590228678425
1612.0 19344.0 0.7818554387188675
1622.0 19464.0 0.5697754320326865
1632.0 19584.0 0.4593800826294428
1642.0 19704.0 0.3549038188199189
1652.0 19824.0 0.28412711804745094
1662.0 19944.0 0.24804294574836075
1672.0 20064.0 0.15496851600684933
1682.0 20184.0 0.1466159525553119
1692.0 20304.0 0.1251929287798554
1702.0 20424.0 0.09587654096965102
1712.0 20544.0 0.07399841174254629
1722.0 20664.0 0.06867696355085907
1732.0 20784.0 0.06748023633916869
1742.0 20904.0 0.08668794515773098
1752.0 21024.0 0.07676285289436172
1762.0 21144.0 0.06803303621438674
1772.0 21264.0 0.0526244835170028
1782.0 21384.0 0.047500835627714844
1792.0 21504.0 0.03735353699860952
1802.0 21624.0 0.031649432923148486
1812.0 21744.0 0.035651956194092234
1822.0 21864.0 0.03253747280057506
1832.0 21984.0 0.026343975063633066
1842.0 22104.0 0.024947642441231415
1852.0 22224.0 0.02612389275012955
1862.0 22344.0 0.03373636563134182
1872.0 22464.0 0.023357842589832065
1882.0 22584.0 0.024368564274633832
1892.0 22704.0 0.022864666239190087
1902.0 22824.0 0.02430658362912598
1912.0 22944.0 0.02132303807208764
1922.0 23064.0 0.020328501169735922
1932.0 23184.0 0.019320248157828266
1942.0 23304.0 0.014978472091778265
1952.0 23424.0 0.01123293180310902
1962.0 23544.0 0.009178400672726128
1972.0 23664.0 0.010784715686321856
1982.0 23784.0 0.012356531301623619
1992.0 23904.0 0.0092630546915728
2002.0 24024.0 0.010372330817076673
2012.0 24144.0 0.009107717748876273
2022.0 24264.0 0.007814325202587694
2032.0 24384.0 0.00985111802582533
2042.0 24504.0 0.010625593491337126
2052.0 24624.0 0.01201470827966649
2062.0 24744.0 0.016327289268346253
2072.0 24864.0 0.015040486142656762
2082.0 24984.0 0.015307376307115084
2092.0 25104.0 0.014909374408197503
2102.0 25224.0 0.00966385955289793
2112.0 25344.0 0.007474266250973676
2122.0 25464.0 0.00802915781927054
2132.0 25584.0 0.008113009897413958
2142.0 25704.0 0.007798263363275076
2152.0 25824.0 0.006952067619768909
2162.0 25944.0 0.0072178763810429505
2172.0 26064.0 0.006257718753881937
2182.0 26184.0 0.0048719023949274215
2192.0 26304.0 0.0035198811153281666
2202.0 26424.0 0.0025422242785949852
2212.0 26544.0 0.0019064774430822887
2222.0 26664.0 0.001933187399056192
2232.0 26784.0 0.001765039677670726
2242.0 26904.0 0.0016995443648212987
2252.0 27024.0 0.0014935084028157638
2262.0 27144.0 0.0011612892003142019
2272.0 27264.0 0.0013135301013093615
2282.0 27384.0 0.0009442813921337914
2285.0 27420.0 0.000989320213120902
