#Logger
10.0 130.0 1.0
20.0 260.0 1.0
30.0 390.0 1.0
40.0 520.0 1.0
50.0 650.0 1.0
60.0 780.0 1.0
70.0 910.0 1.0
80.0 1040.0 0.8796001998294453
90.0 1170.0 0.8604490274021838
100.0 1300.0 0.6888313463569739
110.0 1430.0 0.6134742163808725
120.0 1560.0 0.5826459542450362
130.0 1690.0 0.5612509899638697
140.0 1820.0 0.5313220096557614
150.0 1950.0 0.5340003758481234
160.0 2080.0 0.5167164258696862
170.0 2210.0 0.434698162855638
180.0 2340.0 0.4050511607352562
190.0 2470.0 0.3794582212845195
200.0 2600.0 0.3594289131545519
210.0 2730.0 0.3565955621150171
220.0 2860.0 0.33313816441764627
230.0 2990.0 0.3473882494948637
240.0 3120.0 0.34656281262989663
250.0 3250.0 0.320233076431698
260.0 3380.0 0.317259186530499
270.0 3510.0 0.30104261355224377
280.0 3640.0 0.2713550743719279
290.0 3770.0 0.2630793516647936
300.0 3900.0 0.24801407903612738
310.0 4030.0 0.23947741754328608
320.0 4160.0 0.22352338306623548
330.0 4290.0 0.20993665733905387
340.0 4420.0 0.19624141658587435
350.0 4550.0 0.17885093161771046
360.0 4680.0 0.1716238006725439
370.0 4810.0 0.16008136587690952
380.0 4940.0 0.15598644131312625
390.0 5070.0 0.15305153114002476
400.0 5200.0 0.14883904478906634
410.0 5330.0 0.15242227360753105
420.0 5460.0 0.15130142564399704
430.0 5590.0 0.1541929719121973
440.0 5720.0 0.1535107749471922
450.0 5850.0 0.1449868861168903
460.0 5980.0 0.135254349937456
470.0 6110.0 0.11719078475384492
480.0 6240.0 0.11120805737901758
490.0 6370.0 0.10755026849544856
500.0 6500.0 0.0966544278972141
510.0 6630.0 0.09480365012759652
520.0 6760.0 0.08878609877988243
530.0 6890.0 0.08479686820303964
540.0 7020.0 0.0853924179400122
550.0 7150.0 0.08573992928632598
560.0 7280.0 0.08289924299186106
570.0 7410.0 0.07902881844592702
580.0 7540.0 0.07654909462895315
590.0 7670.0 0.0726725304000204
600.0 7800.0 0.07124629190989888
610.0 7930.0 0.07337208520283235
620.0 8060.0 0.07417674249135457
630.0 8190.0 0.08054500759273982
640.0 8320.0 0.07827711297932062
650.0 8450.0 0.07378915965482273
660.0 8580.0 0.06824583113643579
670.0 8710.0 0.05773011136469759
680.0 8840.0 0.056140472014624396
690.0 8970.0 0.0579063943451994
700.0 9100.0 0.05522355275620861
710.0 9230.0 0.05542866332312871
720.0 9360.0 0.05668292526550715
730.0 9490.0 0.05574771846627855
740.0 9620.0 0.052597717388441365
750.0 9750.0 0.054121868674554645
760.0 9880.0 0.05675137757740332
770.0 10010.0 0.05415377215115796
780.0 10140.0 0.05129827018085453
790.0 10270.0 0.05161350075412467
800.0 10400.0 0.05142804501107295
810.0 10530.0 0.051036450407100475
820.0 10660.0 0.05328437668653877
830.0 10790.0 0.0532369515200898
840.0 10920.0 0.05301319729103269
850.0 11050.0 0.05081242134620612
860.0 11180.0 0.05165646197288938
870.0 11310.0 0.05281279746557566
880.0 11440.0 0.05088368563308215
890.0 11570.0 0.051167656234130644
900.0 11700.0 0.05094449018282457
910.0 11830.0 0.04851873888586652
920.0 11960.0 0.049118503008122566
930.0 12090.0 0.04893135178970483
940.0 12220.0 0.05122351175466825
950.0 12350.0 0.05308909084742404
960.0 12480.0 0.05332152595022431
970.0 12610.0 0.053714559094407525
980.0 12740.0 0.054043469930809454
990.0 12870.0 0.0531324063476219
1000.0 13000.0 0.05276261332734348
1010.0 13130.0 0.04831144322826491
1020.0 13260.0 0.04719829238997124
1030.0 13390.0 0.04638506551740729
1040.0 13520.0 0.0463180945076169
1050.0 13650.0 0.04763706456031804
1060.0 13780.0 0.04657859943080877
1070.0 13910.0 0.043956703223182035
1080.0 14040.0 0.04392463556360051
1090.0 14170.0 0.0438591254793252
1100.0 14300.0 0.041750715905859985
1110.0 14430.0 0.040917764328025026
1120.0 14560.0 0.040251614885796386
1130.0 14690.0 0.03934270844577154
1140.0 14820.0 0.038182637047392505
1150.0 14950.0 0.03559737456039191
1160.0 15080.0 0.03406370115326815
1170.0 15210.0 0.03526249138491986
1180.0 15340.0 0.03488499966866575
1190.0 15470.0 0.03199889507078757
1200.0 15600.0 0.032285231075187965
1210.0 15730.0 0.030437507120251218
1220.0 15860.0 0.03100193496994673
1230.0 15990.0 0.03232166880538679
1240.0 16120.0 0.0365885950765197
1250.0 16250.0 0.04089645709440805
1260.0 16380.0 0.045277866528576446
1270.0 16510.0 0.04364258478816309
1280.0 16640.0 0.03919082540336954
1290.0 16770.0 0.03196322418084404
1300.0 16900.0 0.028722918985140938
1310.0 17030.0 0.026263791968916157
1320.0 17160.0 0.025509244885237613
1330.0 17290.0 0.023970820597239765
1340.0 17420.0 0.024377668871497282
1350.0 17550.0 0.023894318016285023
1360.0 17680.0 0.02389029206029547
1370.0 17810.0 0.02392981857920442
1380.0 17940.0 0.023724380647567617
1390.0 18070.0 0.024804207501867605
1400.0 18200.0 0.02520680781814161
1410.0 18330.0 0.025304237046479914
1420.0 18460.0 0.025396057500174506
1430.0 18590.0 0.024774471817428794
1440.0 18720.0 0.024153043373005098
1450.0 18850.0 0.022984951140765146
1460.0 18980.0 0.02263839285464971
1470.0 19110.0 0.02268697055670104
1480.0 19240.0 0.022581788447921924
1490.0 19370.0 0.022603390888212747
1500.0 19500.0 0.02084745327881125
1510.0 19630.0 0.020294308549248796
1520.0 19760.0 0.01867233001176057
1530.0 19890.0 0.01791310450323817
1540.0 20020.0 0.01743246702682708
1550.0 20150.0 0.017542023177821026
1560.0 20280.0 0.017603950913101688
1570.0 20410.0 0.017999907054699962
1580.0 20540.0 0.017956932669582745
1590.0 20670.0 0.018551764183836528
1600.0 20800.0 0.019533058687110427
1610.0 20930.0 0.018685902254604835
1620.0 21060.0 0.018736776259297254
1630.0 21190.0 0.01763425219353432
1640.0 21320.0 0.01744034116591603
1650.0 21450.0 0.017237108760990792
1660.0 21580.0 0.016878192521373164
1670.0 21710.0 0.016332257397159985
1680.0 21840.0 0.015305227896744237
1690.0 21970.0 0.015323413074636565
1700.0 22100.0 0.01572918572483587
1710.0 22230.0 0.01621028358090134
1720.0 22360.0 0.01632428629990129
1730.0 22490.0 0.016282428139005208
1740.0 22620.0 0.017103571699996198
1750.0 22750.0 0.017438616554014946
1760.0 22880.0 0.017543466109300535
1770.0 23010.0 0.017317943496857956
1780.0 23140.0 0.016837791738478554
1790.0 23270.0 0.017379002061155467
1800.0 23400.0 0.017328140444854874
1810.0 23530.0 0.017666748845511206
1820.0 23660.0 0.017617296112292576
1830.0 23790.0 0.01855591256120506
1840.0 23920.0 0.018273834694259052
1850.0 24050.0 0.017760423319559755
1860.0 24180.0 0.017194661440354225
1870.0 24310.0 0.01752384884623187
1880.0 24440.0 0.017590774288528375
1890.0 24570.0 0.01774760770403946
1900.0 24700.0 0.018374280849891778
1910.0 24830.0 0.017757649749285953
1920.0 24960.0 0.017379903058838315
1930.0 25090.0 0.017034205975820272
1940.0 25220.0 0.016987354207666457
1950.0 25350.0 0.015458043892283058
1960.0 25480.0 0.013898359359509537
1970.0 25610.0 0.011334074652075813
1980.0 25740.0 0.010531699306798823
1990.0 25870.0 0.008652007730817259
2000.0 26000.0 0.007888772976130049
2010.0 26130.0 0.007201020412908315
2020.0 26260.0 0.006849988600511805
2030.0 26390.0 0.005925466302631536
2040.0 26520.0 0.005640723027763596
2050.0 26650.0 0.004945772202999954
2060.0 26780.0 0.004312866892404952
2070.0 26910.0 0.0037664666052993814
2080.0 27040.0 0.003297765804932104
2090.0 27170.0 0.002958192730837043
2100.0 27300.0 0.002952549764950569
2110.0 27430.0 0.0030711716738877027
2120.0 27560.0 0.00311960829806921
2130.0 27690.0 0.00298200813214268
2140.0 27820.0 0.003058585392770526
2150.0 27950.0 0.0030324614860899823
2160.0 28080.0 0.003103497502597899
2170.0 28210.0 0.0030526357583602276
2180.0 28340.0 0.0029779819776227824
2190.0 28470.0 0.0031626238073140535
2200.0 28600.0 0.0033392264470282827
2210.0 28730.0 0.003326875174396659
2220.0 28860.0 0.003365972006305715
2230.0 28990.0 0.0029647068610198298
2240.0 29120.0 0.002917609526698803
2250.0 29250.0 0.002952007855696882
2260.0 29380.0 0.002859035840946749
2270.0 29510.0 0.0029248662196651467
2280.0 29640.0 0.002980242824737512
2290.0 29770.0 0.0027463322469215247
2300.0 29900.0 0.0026307919581326942
2310.0 30030.0 0.0027223500435525918
2320.0 30160.0 0.0027115641244664394
2330.0 30290.0 0.002606944072073193
2340.0 30420.0 0.002666727995038688
2350.0 30550.0 0.002618539492086278
2360.0 30680.0 0.002285763426794593
2370.0 30810.0 0.0018289797798328633
2380.0 30940.0 0.0016026069029352258
2390.0 31070.0 0.0015252468192895798
2400.0 31200.0 0.001598392123067099
2410.0 31330.0 0.0017251510665339672
2420.0 31460.0 0.0016643547508510164
2430.0 31590.0 0.001609469230770358
2440.0 31720.0 0.0015839489303300291
2450.0 31850.0 0.0014499822984238482
2460.0 31980.0 0.0014691766495277504
2470.0 32110.0 0.001509484379581268
2480.0 32240.0 0.0016444968581617336
2490.0 32370.0 0.0017364556708054175
2500.0 32500.0 0.0017898947309895631
2510.0 32630.0 0.0018761126039468893
2520.0 32760.0 0.0019246956570892597
2530.0 32890.0 0.0018703511576059035
2540.0 33020.0 0.00197521299988997
2550.0 33150.0 0.001981047854522915
2560.0 33280.0 0.00194507450639467
2570.0 33410.0 0.0018600667680771458
2580.0 33540.0 0.0018659108673045293
2590.0 33670.0 0.0019827739803565288
2600.0 33800.0 0.0019550087419696587
2610.0 33930.0 0.0018968786806232026
2620.0 34060.0 0.0019521501701722347
2630.0 34190.0 0.0020440360593238656
2640.0 34320.0 0.0021233135150867575
2650.0 34450.0 0.002218885207476408
2660.0 34580.0 0.002254129793129402
2670.0 34710.0 0.0022896469589481316
2680.0 34840.0 0.0024063861655957792
2690.0 34970.0 0.0022188116294315466
2700.0 35100.0 0.0021376395311559953
2710.0 35230.0 0.0020071817546826304
2720.0 35360.0 0.002003405443445677
2730.0 35490.0 0.0018643845925666125
2740.0 35620.0 0.0016871103332497597
2750.0 35750.0 0.0016653833747512618
2760.0 35880.0 0.0016186992698642186
2770.0 36010.0 0.0015862548696657058
2780.0 36140.0 0.0016583095322981762
2790.0 36270.0 0.001657608034227659
2800.0 36400.0 0.0016752970884082697
2810.0 36530.0 0.0017724499472510512
2813.0 36569.0 0.0018025856516564382
2823.0 36699.0 1.0
2833.0 36829.0 1.0
2843.0 36959.0 1.0
2853.0 37089.0 1.0
2863.0 37219.0 1.0
2873.0 37349.0 1.0
2883.0 37479.0 0.9754373083759026
2893.0 37609.0 0.9188658759457434
2903.0 37739.0 0.8933689314441827
2913.0 37869.0 0.7594466747042043
2923.0 37999.0 0.766744817257124
2933.0 38129.0 0.6991145907525216
2943.0 38259.0 0.6673008160950029
2953.0 38389.0 0.5840577132313882
2963.0 38519.0 0.4983962171421012
2973.0 38649.0 0.4459442900369096
2983.0 38779.0 0.43686925484805617
2993.0 38909.0 0.36792583920817784
3003.0 39039.0 0.3132431597386569
3013.0 39169.0 0.28533768333691817
3023.0 39299.0 0.27552004122519774
3033.0 39429.0 0.24073750913193906
3043.0 39559.0 0.21569851482854785
3053.0 39689.0 0.1909238578418824
3063.0 39819.0 0.1782594514326328
3073.0 39949.0 0.17287887384691653
3083.0 40079.0 0.17275065033875894
3093.0 40209.0 0.16113046289768093
3103.0 40339.0 0.1699697269141836
3113.0 40469.0 0.16642277875167621
3123.0 40599.0 0.15644197400829835
3133.0 40729.0 0.15334485147597865
3143.0 40859.0 0.15299164881888955
3153.0 40989.0 0.1480416167960277
3163.0 41119.0 0.13817677071387421
3173.0 41249.0 0.13193201225566917
3183.0 41379.0 0.1346434881935399
3193.0 41509.0 0.13284926635307218
3203.0 41639.0 0.14415235109149133
3213.0 41769.0 0.1501676463505806
3223.0 41899.0 0.15440656810857395
3233.0 42029.0 0.15449754131082374
3243.0 42159.0 0.14791745559650554
3253.0 42289.0 0.1448198202191512
3263.0 42419.0 0.14284974373612172
3273.0 42549.0 0.13809738081485098
3283.0 42679.0 0.14141017859171826
3293.0 42809.0 0.1440827235101576
3303.0 42939.0 0.14373142077907194
3313.0 43069.0 0.14424532009916194
3323.0 43199.0 0.1428326123198324
3333.0 43329.0 0.13777934301620723
3343.0 43459.0 0.1401018685173651
3353.0 43589.0 0.14122912670745502
3363.0 43719.0 0.1406624322806473
3373.0 43849.0 0.12642903482150702
3383.0 43979.0 0.12095983208979083
3393.0 44109.0 0.12407589444703855
3403.0 44239.0 0.12146678363513153
3413.0 44369.0 0.11930395224905804
3423.0 44499.0 0.11593538456228776
3433.0 44629.0 0.11542489989587543
3443.0 44759.0 0.10437282161771823
3453.0 44889.0 0.09427124912428995
3463.0 45019.0 0.07900264939974799
3473.0 45149.0 0.07442535841069224
3483.0 45279.0 0.06545048604930294
3493.0 45409.0 0.06079900688034776
3503.0 45539.0 0.06059017647095617
3513.0 45669.0 0.05867375759082221
3523.0 45799.0 0.057367893987189965
3533.0 45929.0 0.05810210330474114
3543.0 46059.0 0.05963403426088951
3553.0 46189.0 0.055289814740246884
3563.0 46319.0 0.04836724160257377
3573.0 46449.0 0.04779576126727686
3583.0 46579.0 0.0415779938206205
3593.0 46709.0 0.03957069710994758
3603.0 46839.0 0.03996063148525769
3613.0 46969.0 0.03499191734760882
3623.0 47099.0 0.029949362282664795
3633.0 47229.0 0.026713583606514737
3643.0 47359.0 0.023503909925642177
3653.0 47489.0 0.021984120560525077
3663.0 47619.0 0.020803105162876808
3673.0 47749.0 0.019852405084213397
3683.0 47879.0 0.02028549898683595
3693.0 48009.0 0.019142896578329936
3703.0 48139.0 0.01876789625537947
3713.0 48269.0 0.018714250113732647
3723.0 48399.0 0.018033935550350894
3733.0 48529.0 0.017027337909431627
3743.0 48659.0 0.016055622424874204
3753.0 48789.0 0.014355144559124275
3763.0 48919.0 0.013985283172460079
3773.0 49049.0 0.013960851116481788
3783.0 49179.0 0.013864771765586715
3793.0 49309.0 0.014186969839024345
3803.0 49439.0 0.014185877659766819
3813.0 49569.0 0.01383431962666015
3823.0 49699.0 0.013374968562300495
3833.0 49829.0 0.013098452808584946
3843.0 49959.0 0.013117024692463794
3853.0 50089.0 0.013101914561294161
3863.0 50219.0 0.011587255435128785
3873.0 50349.0 0.012227256609844831
3883.0 50479.0 0.01193949957440318
3893.0 50609.0 0.011946695945902485
3903.0 50739.0 0.011733535707958499
3913.0 50869.0 0.011113931504073998
3923.0 50999.0 0.011023642654755677
3933.0 51129.0 0.010996292923313817
3943.0 51259.0 0.011163854907695584
3953.0 51389.0 0.010812964086327865
3963.0 51519.0 0.010274725555493157
3973.0 51649.0 0.00936704319788503
3983.0 51779.0 0.009128817289250189
3993.0 51909.0 0.009405936111706136
4003.0 52039.0 0.009031414280794344
4013.0 52169.0 0.0077972504593148825
4023.0 52299.0 0.006122399013857211
4033.0 52429.0 0.005367680898932654
4043.0 52559.0 0.004696752307390885
4053.0 52689.0 0.004062522517885136
4063.0 52819.0 0.003940222788915249
4073.0 52949.0 0.0034942608285334184
4083.0 53079.0 0.003163278777184825
4093.0 53209.0 0.0030629621962681777
4103.0 53339.0 0.003042894930689081
4113.0 53469.0 0.003141116844686517
4123.0 53599.0 0.0029843880886607954
4133.0 53729.0 0.0028817231707167234
4143.0 53859.0 0.002931441961209181
4153.0 53989.0 0.0028705609226557334
4163.0 54119.0 0.0028823987221309947
4173.0 54249.0 0.0026939802568335973
4183.0 54379.0 0.00271854089615274
4193.0 54509.0 0.0027757667607331156
4203.0 54639.0 0.0027716838911942283
4213.0 54769.0 0.0027075484799786538
4223.0 54899.0 0.0028443869728489663
4233.0 55029.0 0.0029811311544622886
4243.0 55159.0 0.002978131445442112
4253.0 55289.0 0.0031174869853343367
4263.0 55419.0 0.0030154593488397894
4272.0 55536.0 0.0029680373714503767
4282.0 55666.0 1.0
4292.0 55796.0 1.0
4302.0 55926.0 1.0
4312.0 56056.0 1.0
4322.0 56186.0 1.0
4332.0 56316.0 1.0
4342.0 56446.0 1.0
4352.0 56576.0 0.9731397380757035
4362.0 56706.0 0.821742614374253
4372.0 56836.0 0.7840255356726274
4382.0 56966.0 0.7152520881727765
4392.0 57096.0 0.6987848061634018
4402.0 57226.0 0.6079962239725734
4412.0 57356.0 0.5568215595509319
4422.0 57486.0 0.5167253734830813
4432.0 57616.0 0.5138276784400396
4442.0 57746.0 0.4744055938186324
4452.0 57876.0 0.3985555881548412
4462.0 58006.0 0.3338239202635366
4472.0 58136.0 0.3208439112270346
4482.0 58266.0 0.30857504620114296
4492.0 58396.0 0.29022919257008395
4502.0 58526.0 0.26744569436985416
4512.0 58656.0 0.2543173843960967
4522.0 58786.0 0.2315221589710318
4532.0 58916.0 0.22202771284626507
4542.0 59046.0 0.21849129538965148
4552.0 59176.0 0.2151381428790235
4562.0 59306.0 0.20562302230204513
4572.0 59436.0 0.18141538343832847
4582.0 59566.0 0.15855819073003502
4592.0 59696.0 0.13093614371010837
4602.0 59826.0 0.12100706025649488
4612.0 59956.0 0.11034028691942913
4622.0 60086.0 0.10894827923066368
4632.0 60216.0 0.10620115321643686
4642.0 60346.0 0.10746098431993063
4652.0 60476.0 0.10944463225951657
4662.0 60606.0 0.10854767346568911
4672.0 60736.0 0.10790000289500122
4682.0 60866.0 0.1076692107074183
4692.0 60996.0 0.0994464461095188
4702.0 61126.0 0.08965076643400965
4712.0 61256.0 0.08971510257621179
4722.0 61386.0 0.09010862921406697
4732.0 61516.0 0.09041245122406867
4742.0 61646.0 0.09433293654235479
4752.0 61776.0 0.09097247446272212
4762.0 61906.0 0.09427295525547079
4772.0 62036.0 0.08945746516679484
4782.0 62166.0 0.09131305449017434
4792.0 62296.0 0.08948905430248125
4802.0 62426.0 0.08954358911140521
4812.0 62556.0 0.08722032472671902
4822.0 62686.0 0.08504681449709389
4832.0 62816.0 0.07972008737685211
4842.0 62946.0 0.07904019755422932
4852.0 63076.0 0.07531739076597695
4862.0 63206.0 0.0694925156940737
4872.0 63336.0 0.059497862174900315
4882.0 63466.0 0.05751541073785325
4892.0 63596.0 0.05216005480693176
4902.0 63726.0 0.05027876954636607
4912.0 63856.0 0.04780154946153588
4922.0 63986.0 0.04854013377079701
4932.0 64116.0 0.04774782583622198
4942.0 64246.0 0.04845933365653481
4952.0 64376.0 0.044844305207151824
4962.0 64506.0 0.04516107394827062
4972.0 64636.0 0.04253019834327521
4982.0 64766.0 0.0391273898293047
4992.0 64896.0 0.03637824989218022
5002.0 65026.0 0.03487008455287462
5012.0 65156.0 0.03421277137306129
5022.0 65286.0 0.03220385738563453
5032.0 65416.0 0.03289376020842382
5042.0 65546.0 0.033262826581409236
5052.0 65676.0 0.031314918163076445
5062.0 65806.0 0.03225244315237316
5072.0 65936.0 0.030104806806251348
5082.0 66066.0 0.027123935839479696
5092.0 66196.0 0.024492536717423796
5102.0 66326.0 0.02236016272538282
5112.0 66456.0 0.020861755997741354
5122.0 66586.0 0.020851554717991286
5132.0 66716.0 0.02001070846162391
5142.0 66846.0 0.01921428245149776
5152.0 66976.0 0.017143467509454502
5162.0 67106.0 0.015580774701671643
5172.0 67236.0 0.015195479070511537
5182.0 67366.0 0.014648368820157949
5192.0 67496.0 0.01318509984775214
5202.0 67626.0 0.012830396319937971
5212.0 67756.0 0.01291491520741916
5222.0 67886.0 0.012295972421620636
5232.0 68016.0 0.01174988252282507
5242.0 68146.0 0.01133202266931001
5252.0 68276.0 0.01058321280245218
5262.0 68406.0 0.009929363597656065
5272.0 68536.0 0.009212860731425734
5282.0 68666.0 0.00928643747382102
5292.0 68796.0 0.009000419006232071
5302.0 68926.0 0.00791805618743261
5312.0 69056.0 0.006990217523383778
5322.0 69186.0 0.005703754102636044
5332.0 69316.0 0.004771488943764053
5342.0 69446.0 0.004345005457727781
5352.0 69576.0 0.004154112255949653
5362.0 69706.0 0.004156742168297403
5372.0 69836.0 0.004234689279053682
5382.0 69966.0 0.004241165060357179
5392.0 70096.0 0.004412666694418272
5402.0 70226.0 0.004246779757361688
5412.0 70356.0 0.004134355828569923
5422.0 70486.0 0.004362826477738166
5432.0 70616.0 0.004438226995911129
5442.0 70746.0 0.004302416253595858
5452.0 70876.0 0.004409564294415076
5462.0 71006.0 0.004680142618599263
5472.0 71136.0 0.004682480008363041
5482.0 71266.0 0.004786806031240769
5492.0 71396.0 0.004820534937186457
5502.0 71526.0 0.005248761910371373
5512.0 71656.0 0.0052185839026815
5522.0 71786.0 0.005440435578997012
5532.0 71916.0 0.005690484711343445
5542.0 72046.0 0.005638904194221912
5552.0 72176.0 0.0054785769323077
5562.0 72306.0 0.005560029624308956
5572.0 72436.0 0.005814592621247214
5582.0 72566.0 0.00609467355707454
5592.0 72696.0 0.006431709127607758
5602.0 72826.0 0.006559183513669301
5612.0 72956.0 0.00674965058746506
5622.0 73086.0 0.006823741818287793
5632.0 73216.0 0.0070792336511534435
5642.0 73346.0 0.007205081724001903
5652.0 73476.0 0.007050298387388632
5662.0 73606.0 0.0070820797994592365
5672.0 73736.0 0.007098375256182001
5682.0 73866.0 0.007062434242375468
5692.0 73996.0 0.006964104352725104
5702.0 74126.0 0.006868259737228974
5712.0 74256.0 0.007258637424969491
5722.0 74386.0 0.007635637750531139
5732.0 74516.0 0.007506438651624868
5742.0 74646.0 0.0076392348484507315
5752.0 74776.0 0.007813409526798152
5762.0 74906.0 0.008306434424102593
5772.0 75036.0 0.008191826526413376
5782.0 75166.0 0.00885413191234712
5792.0 75296.0 0.00855598978180399
5802.0 75426.0 0.00869027919499281
5812.0 75556.0 0.008713990423176115
5822.0 75686.0 0.008643077550150202
5832.0 75816.0 0.009024235279790706
5842.0 75946.0 0.008977443904216302
5852.0 76076.0 0.008888597005863376
5862.0 76206.0 0.009254061205091311
5872.0 76336.0 0.009629502289035323
5882.0 76466.0 0.009992782797867902
5892.0 76596.0 0.010674077903386611
5902.0 76726.0 0.011194182488869817
5912.0 76856.0 0.010355593048806361
5922.0 76986.0 0.010323960507453009
5932.0 77116.0 0.011008128911004502
5942.0 77246.0 0.010945317880306088
5952.0 77376.0 0.011719263906060132
5962.0 77506.0 0.011902750275958185
5972.0 77636.0 0.010531423061760376
5982.0 77766.0 0.009621911717573014
5992.0 77896.0 0.009213907472117245
6002.0 78026.0 0.009165041642330465
6012.0 78156.0 0.008276047964180057
6022.0 78286.0 0.008408214279494872
6032.0 78416.0 0.008652344835504214
6042.0 78546.0 0.008680157785311698
6052.0 78676.0 0.008087839884615675
6062.0 78806.0 0.007809762951924458
6072.0 78936.0 0.00788927298961645
6082.0 79066.0 0.007809992766971814
6092.0 79196.0 0.007745286603103781
6102.0 79326.0 0.007569887310420208
6112.0 79456.0 0.00674544463059172
6122.0 79586.0 0.005083437679125274
6132.0 79716.0 0.0038145223901639223
6142.0 79846.0 0.0032219062746739733
6152.0 79976.0 0.0026867971351301713
6162.0 80106.0 0.0020572952187335883
6172.0 80236.0 0.0016187188815866775
6182.0 80366.0 0.0013076840711820584
6192.0 80496.0 0.0012972163487827992
6202.0 80626.0 0.001280843249636995
6212.0 80756.0 0.001286642388632382
6222.0 80886.0 0.0012920704875960805
6232.0 81016.0 0.0012304693274615924
6242.0 81146.0 0.0013217056109996353
6252.0 81276.0 0.0013275557225570212
6262.0 81406.0 0.0014145252232556891
6272.0 81536.0 0.0015229226142307107
6282.0 81666.0 0.0016033951565002703
6292.0 81796.0 0.001634088002158881
6302.0 81926.0 0.0016910817172042594
6312.0 82056.0 0.0016616220191504939
6322.0 82186.0 0.0017393896872774759
6332.0 82316.0 0.0017482598750795846
6342.0 82446.0 0.001879624191804894
6352.0 82576.0 0.002071058946120354
6362.0 82706.0 0.0020664542354395725
6372.0 82836.0 0.00209581862357869
6382.0 82966.0 0.0022271118316084444
6392.0 83096.0 0.002246350338936955
6402.0 83226.0 0.0023094014291914293
6412.0 83356.0 0.0023663809411840807
6422.0 83486.0 0.0024329931830938114
6432.0 83616.0 0.002427996192873444
6442.0 83746.0 0.002610137927235285
6452.0 83876.0 0.002643154800190867
6462.0 84006.0 0.0027249660401435873
6472.0 84136.0 0.0026531823077839854
6482.0 84266.0 0.0027201701690989654
6492.0 84396.0 0.002751825676862352
6502.0 84526.0 0.0028430828772831045
6512.0 84656.0 0.002812195362498559
6522.0 84786.0 0.002850507633819268
6532.0 84916.0 0.0028504556741894616
6542.0 85046.0 0.0029190612984852536
6552.0 85176.0 0.002888960459775527
6562.0 85306.0 0.0029432422976614545
6572.0 85436.0 0.003038056723960429
6582.0 85566.0 0.0032740116648038334
6592.0 85696.0 0.003246796724693994
6602.0 85826.0 0.0033208388077959963
6612.0 85956.0 0.0032280533118645375
6622.0 86086.0 0.0031730047269233094
6632.0 86216.0 0.0031817552055863033
6642.0 86346.0 0.0033582005225649583
6652.0 86476.0 0.0032247394035240873
6662.0 86606.0 0.003294520207521816
6672.0 86736.0 0.003246986816275187
6682.0 86866.0 0.0032927639915155305
6692.0 86996.0 0.003163293034936992
6702.0 87126.0 0.002706152922776479
6712.0 87256.0 0.0023077103265064405
6722.0 87386.0 0.002123577215956337
6732.0 87516.0 0.0018761700093661276
6742.0 87646.0 0.0017227735851761323
6752.0 87776.0 0.0011039840089482008
6762.0 87906.0 0.0009052926293422909
6772.0 88036.0 0.000841184646324232
6782.0 88166.0 0.0008101550899526216
6792.0 88296.0 0.0008020165002664688
6802.0 88426.0 0.000862514348551405
6812.0 88556.0 0.0008912218814050716
6822.0 88686.0 0.0009146091335548246
6832.0 88816.0 0.0009794529215493152
6842.0 88946.0 0.00098833502914435
6852.0 89076.0 0.0010184255118111558
6862.0 89206.0 0.0010728102775063595
6872.0 89336.0 0.0011269607474201852
6882.0 89466.0 0.0011855760693930554
6892.0 89596.0 0.0012193907252803563
6902.0 89726.0 0.001137685250008184
6912.0 89856.0 0.001166382943974933
6922.0 89986.0 0.001132559293952297
6932.0 90116.0 0.0010263342905114483
6942.0 90246.0 0.0008518277837309968
6952.0 90376.0 0.0007723767508157838
6962.0 90506.0 0.0006907036265413631
6972.0 90636.0 0.0006307222165955976
6982.0 90766.0 0.0005489364819430168
6992.0 90896.0 0.0005034427799984506
7002.0 91026.0 0.0004365360423002928
7012.0 91156.0 0.00039516174131404774
7022.0 91286.0 0.0003625601598306059
7032.0 91416.0 0.00029009117987945223
7042.0 91546.0 0.0002771211295788826
7052.0 91676.0 0.0002668309463092737
7062.0 91806.0 0.00026660618631499746
7072.0 91936.0 0.00024070331660628732
7082.0 92066.0 0.0002346684389653012
7092.0 92196.0 0.0002214947593042936
7102.0 92326.0 0.0002166960178183493
7112.0 92456.0 0.00020535162103864864
7122.0 92586.0 0.00019884341339392682
7132.0 92716.0 0.00018815953359830185
7142.0 92846.0 0.00018367800378923127
7152.0 92976.0 0.00017508204217652818
7162.0 93106.0 0.00016398905537561335
7172.0 93236.0 0.00015970899699746234
7182.0 93366.0 0.0001515159032738146
7192.0 93496.0 0.0001431254839432201
7202.0 93626.0 0.00014091080346168103
7212.0 93756.0 0.00014483504667273415
7222.0 93886.0 0.00014938743261385144
7232.0 94016.0 0.0001598767582384082
7242.0 94146.0 0.00016885114624058496
7252.0 94276.0 0.0001730834625110657
7262.0 94406.0 0.00017650746881559643
7272.0 94536.0 0.00018456305958277418
7282.0 94666.0 0.00019695650946910205
7292.0 94796.0 0.00021247320521609552
7302.0 94926.0 0.00023853883089537098
7312.0 95056.0 0.000259636856734668
7322.0 95186.0 0.0002834401392334521
7332.0 95316.0 0.0003132141546816597
7342.0 95446.0 0.00035046478741487775
7352.0 95576.0 0.00037781523960344406
7362.0 95706.0 0.0004220008617004739
7372.0 95836.0 0.0004321016569965879
7382.0 95966.0 0.00046781273321843807
7392.0 96096.0 0.0004913078889709231
7402.0 96226.0 0.0005168860964639778
7412.0 96356.0 0.000577981128928386
7422.0 96486.0 0.0005885648620050454
7432.0 96616.0 0.0006191818703160996
7442.0 96746.0 0.0006794900891065634
7452.0 96876.0 0.0007504932920705652
7462.0 97006.0 0.0007987258918463419
7472.0 97136.0 0.0008144303616978033
7482.0 97266.0 0.0008467774792019377
7492.0 97396.0 0.0008386884672625305
7502.0 97526.0 0.0008241861801250066
7512.0 97656.0 0.0007863506241326952
7522.0 97786.0 0.0006645468968490468
7532.0 97916.0 0.0006422598447151834
7542.0 98046.0 0.0006741002698993975
7552.0 98176.0 0.0006755678615586847
7562.0 98306.0 0.0007077108734753265
7572.0 98436.0 0.0007380063973551948
7582.0 98566.0 0.0008129452528923899
7592.0 98696.0 0.00083465814716838
7602.0 98826.0 0.0008422685505448354
7612.0 98956.0 0.0008668016764179693
7622.0 99086.0 0.0008860221448313588
7632.0 99216.0 0.0008848044277772179
7642.0 99346.0 0.0008944099659979303
7652.0 99476.0 0.0009618073777695991
7662.0 99606.0 0.0009681892487487245
7672.0 99736.0 0.0009992807537284535
7682.0 99866.0 0.0010191662876199708
7692.0 99996.0 0.0010569887807215668
7702.0 100126.0 0.001033597563450494
7712.0 100256.0 0.0010574674832756821
7722.0 100386.0 0.0010702623578023485
7732.0 100516.0 0.0010814722023695818
7742.0 100646.0 0.0009979922470292593
7752.0 100776.0 0.0008766707520941795
7762.0 100906.0 0.0007760404878490558
7772.0 101036.0 0.000715714843727299
7782.0 101166.0 0.0007127179005781156
7792.0 101296.0 0.0006869640432320005
7802.0 101426.0 0.0007074988775486835
7812.0 101556.0 0.0006855418074657934
7822.0 101686.0 0.0006934212605129994
7832.0 101816.0 0.0007414905595804735
7842.0 101946.0 0.0007460335121951924
7852.0 102076.0 0.000768663674656905
7862.0 102206.0 0.0008102281568943746
7872.0 102336.0 0.0008293812636356163
7882.0 102466.0 0.0008110454763891129
7892.0 102596.0 0.0006797746442902467
7902.0 102726.0 0.000526975495596171
7912.0 102856.0 0.000383395742463139
7922.0 102986.0 0.0003414796321822266
7932.0 103116.0 0.0003612738534818525
7942.0 103246.0 0.0003776576836644399
7952.0 103376.0 0.00041083219646660007
7962.0 103506.0 0.0004566871256623007
7972.0 103636.0 0.0004940905491383648
7982.0 103766.0 0.0005281423172986729
7992.0 103896.0 0.000563844034761077
8002.0 104026.0 0.0006176703259065578
8012.0 104156.0 0.0006402143392047669
8022.0 104286.0 0.0006830076302881925
8032.0 104416.0 0.0007018864939559634
8042.0 104546.0 0.0007399732672054052
8052.0 104676.0 0.0007577677168784706
8062.0 104806.0 0.000795407793288371
8072.0 104936.0 0.0008444184774096244
8082.0 105066.0 0.0009428485127695488
8092.0 105196.0 0.000991870846136001
8102.0 105326.0 0.0010381610992866537
8112.0 105456.0 0.0011048726949103292
8122.0 105586.0 0.001204027315007197
8132.0 105716.0 0.0013142537972370566
8142.0 105846.0 0.0014325572935106367
8152.0 105976.0 0.00151347462734721
8162.0 106106.0 0.001590978392335847
8172.0 106236.0 0.0017163029913594213
8182.0 106366.0 0.0016450985009498235
8192.0 106496.0 0.0016833507061937035
8202.0 106626.0 0.001718057482988848
8212.0 106756.0 0.0018276126446459386
8222.0 106886.0 0.0018736631826392516
8232.0 107016.0 0.0019074530972973476
8242.0 107146.0 0.0019624728125503944
8252.0 107276.0 0.0020233829167790335
8261.0 107393.0 0.0020772673621071505
