#Logger
10.0 120.0 49.73239205240896 42.554531218458436 39.04196245543457 35.77088635095648 37.28933454804086 28.755545865599597 41.02259171443531 22.609625093220874 36.86082115162613 12.745441012994133 31.193490958721284 7.005494567735244 26.544387281537833 20.86149213864938 13.551121380218294 32.18931426102509
20.0 240.0 52.5157726734906 50.005911055220956 42.65164432207854 28.394733544328275 25.810383636959145 23.204794734694126 27.76178928522934 22.02084489975175 24.21624112063831 13.086177731841952 22.12431699476582 8.157246171485736 14.735590584217583 15.543023036189991 13.29491154436582 30.053621843098462
30.0 360.0 42.10821633385012 46.75718098749801 35.15175840033341 20.244800658435448 21.71813184730909 21.547577646735927 22.817893247157087 17.864273794788367 18.089814541959818 13.147669275180814 21.75492804132047 8.825432276772569 13.90265655574531 19.101000997571205 10.444607686172297 20.225553786037615
40.0 480.0 27.26480696943706 30.001494906725274 23.555798298964913 20.04519717209324 20.404398106195835 18.83286968163668 20.17403619222259 13.346188252531055 14.784990148727326 12.531153503963044 19.333691616008863 9.205132637711086 13.011168300921907 23.333205937798894 7.847032377431915 14.032230667665994
50.0 600.0 24.981243570241386 22.94282901730569 21.900111966453178 14.239304853714154 16.536915615207512 18.224884257416907 16.428480524697857 13.196661993255226 12.774751034177745 10.583886772169286 16.79999267240673 14.515629358258531 11.830950655468158 17.802605007165283 8.254571391543612 13.250821975889467
60.0 720.0 24.6309597384008 18.409924873000822 24.889179142113086 18.04888833542603 13.516168292161183 14.374281636370537 14.810796355737395 13.79005420510767 11.092726774381587 10.314244502343994 16.327071296066233 18.894032532774972 10.31925902330014 12.956607520031946 7.090680420410376 13.172189855826437
70.0 840.0 20.88902000166033 16.451372848087498 18.707324040597573 16.73155189996735 11.692277086053197 17.146937975156895 15.774737740406035 19.01226512124576 9.525538010130651 10.666909261584621 11.303814258447614 19.173351338174275 9.16526538741362 15.202376449526614 6.323422136962619 10.532748398184841
80.0 960.0 17.126464879799784 18.937790688803645 17.650166931172354 15.340159242909492 10.660265368615773 16.148110787470262 12.278253874947673 18.577554948392773 9.232827001516343 8.49274220083378 9.17498050165357 18.222510583861546 9.070777843432626 13.020428371223128 7.46629988188027 12.025242055972642
90.0 1080.0 15.80883967574956 20.379772329127636 18.192724389311554 14.027782185508977 10.782230946569806 12.78654765368947 11.002276671011234 16.495113292342744 9.328353181368199 8.746289929029905 9.396446834178288 16.78450391794248 9.583051827081569 8.504524799132337 7.767866329511186 9.69837097646959
100.0 1200.0 13.766283138606921 19.24969973054318 15.53327932440669 14.493963821836038 10.981656140902954 11.297149747641582 10.570966551374356 14.464522987576434 9.01800437746169 9.575584117471145 9.237614249663757 17.156689186034615 11.166386767722512 7.727608122145287 6.472993350090764 9.544558099608777
110.0 1320.0 14.328182565088389 15.301418373878029 15.163068421760574 12.120189536970067 11.391533694648661 10.202680685326746 14.631302466976342 13.169270079161528 9.38606391093133 9.957510223330484 10.546422082100188 16.007868629287074 11.835756727237955 6.848369249686094 5.546752731905865 7.828493246021208
120.0 1440.0 13.11943523655209 15.518520587234859 13.297813054432943 12.96846843698673 12.291058421171615 8.939181327919513 14.348627053935168 10.115537357374569 9.226691876139963 8.239267898763098 11.965555115378661 14.674085354068776 14.898913339569082 6.863726892767145 5.48896069092858 7.5229776320332675
130.0 1560.0 14.959336850557264 15.92539451593444 12.827924973226951 13.60463904642477 13.391770668576296 10.717948624092248 16.734895132638687 10.688212896089562 8.496289826913422 7.623732877711987 10.19108431821897 13.94693364317248 15.873587729304768 6.590228871044654 5.214228212055121 8.013393394876067
140.0 1680.0 12.562919007013317 14.907766314054767 12.834678965842238 12.191706946082503 11.96964807918002 11.934850837533297 18.096816056407732 11.651872348074377 8.409698487491136 6.570934359407584 10.599004408368096 13.074548582572358 15.442727222297007 6.497633587212987 5.496365958114541 8.181030966135411
150.0 1800.0 11.613654780843017 14.138214684503833 12.817781586737024 10.799091844729897 12.031792567278192 12.886375520426338 17.805544477634832 10.801313837947127 7.936313441162121 6.084135846745045 9.602072682232679 10.790655535400056 14.79606042178821 6.822286035906868 5.675680566607095 8.927549822375147
160.0 1920.0 12.134005043376325 12.05501977075209 12.518623162622168 10.975109975112547 12.923968044014162 12.073320581372807 14.48981972132077 9.593153379817695 7.821647638076917 5.9396542019969925 10.250160565720016 10.910437532259316 14.122158911775303 7.032468639142277 5.053779539912625 10.211838818113826
170.0 2040.0 12.742727435744968 10.539816707153673 13.017122752597167 10.071935606027903 13.155384030906603 11.28624606993379 14.78488461005672 10.007102814834063 7.875316437283833 6.672572991523309 10.416830929906489 9.78934608012143 14.538310196048965 7.806489078364321 4.767632012513593 11.209357677229622
180.0 2160.0 12.076754645467418 10.621931696614514 12.490769518423564 8.643020040387553 14.600667943311452 10.73397987382629 13.851566068366866 9.242380575830085 7.475980206758202 6.68324292736104 9.405161878785298 9.375695754991234 15.540586682019923 7.3737133337756395 4.685021613681622 10.600698419046571
190.0 2280.0 11.067962339097488 10.125327141655191 12.711359936775334 8.015507359131131 14.679851739869735 11.438269680806213 13.952807918890604 9.71626367933138 6.430994511664716 7.167976536833746 8.73884471529287 11.175175962919514 14.727017122380547 6.307264967168512 4.319364087484907 10.12781612301551
200.0 2400.0 10.993022106671539 9.542324678968505 12.365062773592255 8.127348608048848 14.942762877349821 9.91645521813727 14.523422311279303 9.043553032113286 6.076282226654144 7.3935698844399145 9.117954293414588 11.243500072827471 14.839081570612766 6.109360293149651 3.8840757075450023 13.271642255334012
210.0 2520.0 10.427693157920949 9.301940222722385 12.712362466921249 7.057810990669134 15.983762018178242 9.098590325046539 13.71061426104615 8.568143134362336 6.071783767077841 7.041032387467838 8.73661002985753 11.673861096194315 14.348394306163005 5.687390074943294 4.045652146315379 12.8879489184771
220.0 2640.0 9.402486522815119 8.2739998900944 13.021238725267144 7.2987051205886635 14.990736520566678 9.027385389044268 12.9833867152185 8.805990611161798 6.129222426641232 7.191063554017518 7.526333869694111 12.008217153728218 14.687544912453571 5.910810016628881 3.9972031330569022 13.195842539330364
230.0 2760.0 9.003124528992142 7.271582237009106 13.085126591125888 8.210678755691866 14.43268086426535 9.106158855452286 12.651197817111177 8.402744200082493 5.880840522828836 7.26253648495774 6.569012630328893 11.945711137423194 17.136923970399398 5.2319849251552215 4.6238045857211425 14.628389528036076
240.0 2880.0 8.783218325032268 6.769151097787436 13.299211074356043 7.9852718382530234 14.560961509421888 9.493076391976077 11.494620840251097 8.739665823030517 5.390055144435349 7.573061824836481 6.882482841469373 12.10897864228475 15.563250081079623 4.883638184886694 4.15179936679567 13.671882575100643
250.0 3000.0 9.032520783750039 6.137242978184943 12.484196300468255 7.396662820782374 14.25841195973067 9.59398106702458 10.74492363307927 7.642068033670168 5.098872624744381 7.54033398337353 7.146430661162983 12.017098737413393 15.576327256277722 4.35588283838444 4.113687751279742 12.412096514475035
260.0 3120.0 8.769582137809504 6.135139623622355 12.16864590746017 7.334996863835955 12.768550778359607 9.742070464044042 12.29455322540539 7.642895564839919 5.259616768766468 6.976676853236439 6.163046560629906 11.696435512304133 15.474356273973854 4.243798014585432 4.1096461260017785 11.964132314441537
270.0 3240.0 8.257041869814117 6.460004808065344 11.789033958327018 6.951495591015005 13.395325255348945 10.24331782519558 13.365408020683072 8.491792123949338 5.201919800002335 6.889736294129239 5.938692217880286 12.094488906589246 15.74507092627652 4.485942950040021 4.036513987142347 11.039096141085919
280.0 3360.0 8.166145484740381 6.3441021833180375 12.178731054507777 6.639927396116181 13.298393797429657 9.695653621474795 13.53296788673374 8.116943102290499 4.807248933426913 6.899419112753683 5.885237563435824 11.662457152990966 14.950632716215969 4.2160482694346415 4.016231578449301 10.242042508888247
290.0 3480.0 7.75963480656714 6.186965879379011 10.855572733152412 6.470269402011257 12.669516380168192 9.523961934201802 13.054121379831424 8.356426511280063 5.289397309003327 6.814995086873527 5.4450883826035765 11.482500244590526 14.58942076471574 4.547822325860121 4.106218741518584 9.599025003652173
300.0 3600.0 7.296135873339332 5.870305026552788 10.338597092825017 6.5164538612076734 12.871658034578047 9.391862621112374 13.381804600807376 7.694221328518438 5.056063837661887 6.53447663897508 5.448151264249184 10.320919099446353 13.107984874640705 4.367731251347178 4.095655911844238 8.383779644410735
310.0 3720.0 7.976798531531696 5.476996664587181 10.532894691344346 6.836593581064407 12.965186358764893 9.020385148842708 13.772163069090658 8.428165672764143 5.343929757094789 6.696210034894535 5.478316669340379 12.961088825892144 12.770349572456684 4.310351448527438 3.905642289267002 8.443706985163013
320.0 3840.0 7.983497444924076 5.647957324471827 10.611851388653616 6.925329700930194 12.93144772485065 10.092134803155862 13.078005135483815 8.46575472986158 6.101443038188165 6.893564015851617 5.273593089976874 15.06258266733151 13.391946748966195 4.458198496569919 3.6900432754241796 9.891461618308089
330.0 3960.0 7.561204596340058 5.512130517144649 10.763981625046902 6.774430302067855 13.07095967527949 11.842505265541307 11.92330676207004 9.107179503429915 5.7992288129323475 7.157470728387365 5.456325560543907 15.086507122940365 12.616406266787234 4.244754632165266 3.9410205803662457 10.762171712768579
340.0 4080.0 7.43552921578135 5.2335483048172495 10.60372181250691 6.51674483034505 13.665872639890836 13.012395739711721 11.42289455445201 9.087622479987902 6.140566722597317 6.703956282141843 5.361149594643349 15.820046528865653 12.978899253064316 4.0631958894226825 4.1018711061153486 12.550532186901245
350.0 4200.0 7.851586201380881 5.480262406805675 10.605296171570977 6.165743654356765 13.37139083861958 12.315766014605925 11.257821470782824 10.203030556532712 6.041901843256493 7.6073721310878675 5.189298242268326 16.042499105794192 13.190588880111655 4.1731535074169885 3.943962832429828 11.628714349819699
360.0 4320.0 8.183278618464188 5.65220379762005 11.0050350860228 6.199449090575555 13.543167015803535 12.303956441963726 10.800731023122616 11.912414017289391 5.918984555281067 9.193595228994605 5.091642160598441 15.773222055674243 13.3027183735508 4.579924650686338 4.045271457255638 11.379733083497602
370.0 4440.0 8.049941700620629 5.686274729543342 10.75110600396624 5.923948145577512 13.750975188069493 12.816603953616731 10.810415405871021 12.256737096716936 5.885154703763634 8.857300801330126 5.139027595194376 15.72849583321315 13.208138318451349 4.882132629764872 3.871852707804396 11.671678137084234
380.0 4560.0 7.897825570374984 5.0896196352992975 9.76348801242231 5.991727177091449 13.603396591747284 13.619697431439189 9.966239034724527 12.697228931738554 5.42773178938967 8.968366796215687 5.208637328693653 15.745358237305794 12.413371716511234 4.586226166208374 3.987030301876782 11.358980071776022
390.0 4680.0 7.697983347996395 4.982549220439119 9.20205393078116 6.189404682899922 13.358754861226238 13.585670218775144 9.978931022922822 12.793554930998226 5.39708099381358 8.823295237490434 4.695885072919118 14.660254279637147 11.814270878547076 4.454939686254516 4.059761481851496 10.93511157820642
400.0 4800.0 7.3092767202047195 4.66168364775285 9.123305655944858 5.80767343973279 13.419668893154777 13.105446701753065 10.123591790389955 12.35794594524765 5.658442129329394 8.419830886140055 4.930164474605763 14.337517978839571 10.696055191550958 4.537436180462428 4.449989052637101 10.81158319991663
410.0 4920.0 7.71615500345442 5.070889318068942 9.213809533571965 5.724078157729802 13.013876237822279 13.278098563101633 10.659464789702918 13.571519710937428 5.33429893473999 9.233510345742816 5.014471830332426 13.426598197229714 10.507342293683646 4.576158811334783 4.698720870509405 10.630844841999256
420.0 5040.0 7.7694473135273565 5.595078828733135 9.167286386787334 5.820151731338939 12.810763450178543 13.817451115749718 10.159926448677389 14.886292084951458 5.283960703097981 10.166809463053248 4.783721037949204 13.87742614082206 10.849859541250298 4.5227848009843585 4.209342174375741 10.78887226483843
430.0 5160.0 8.377326529327073 5.959590397866151 9.947493652846362 5.436735780498504 12.099602351246585 13.916977534873467 9.91527337002617 14.71516836060762 5.003798183779882 10.626311307688146 4.636614049922794 13.80878634177588 10.178902666617756 4.40115937742655 4.115924932051954 10.593216801127813
440.0 5280.0 8.453056785546858 6.1546393695223545 9.935538232801097 5.513068209789376 12.30246218136211 14.084163801760512 10.012654013232973 15.229127620230706 4.8994789176234725 11.149825191527711 5.031941258925571 13.269797534169989 9.315387903254507 4.191000436821889 3.976154600368041 11.225208134171586
450.0 5400.0 8.330607744901263 5.812906695841236 9.495512343057804 6.285858496410484 12.424955426583365 14.224091139885328 9.899579763166678 15.486548474081859 4.976968559034899 11.334933296500372 5.212895619199266 12.442206278552087 9.75435265303285 4.466538467193104 3.8385495425439013 10.663113398082636
460.0 5520.0 8.1279225087957 5.662308030101905 9.08224131325068 6.530565310928051 13.721675502652136 14.539422926934604 9.862737647370304 17.24638839974062 5.14346615015919 11.686661763085535 5.446184451147807 12.518380369094245 9.58164992846904 5.282556566595818 3.700235624793552 10.253592998062375
470.0 5640.0 8.187262144390267 5.451824392955476 8.71492901662023 6.4698105760017075 13.404794416997161 13.809275768128163 9.237839086297868 16.385669132790262 5.294924934535061 11.277174545206131 5.830354666370512 12.603148283829464 9.156054515581701 5.164795245934537 3.4554979666915364 9.753404582569862
480.0 5760.0 7.82396159446865 5.237126645188463 8.181824754258926 6.198149758716016 13.197822079022307 13.825663695885172 9.573874709551173 15.412691414939864 5.4134255110609555 10.30216453933364 5.755755866172354 11.983152899055735 8.627569743072872 5.196767526678914 3.425265460046833 9.034964405263956
490.0 5880.0 7.6194313696362 4.8583982728869 7.696299022808924 6.115452103209933 12.104342452920065 13.589601779978146 8.480622385183393 14.27704667389418 5.261474451330477 9.49946899840998 5.617404001906326 11.984809492298487 8.147924247278945 4.737194905863879 3.2606057633269057 8.39302883988021
500.0 6000.0 7.6623702351187575 4.808395352954384 7.591371470917884 6.091579161857218 12.237531141840384 14.991909244451904 8.031123128786863 14.661860918661006 5.316105192420189 9.193083731007661 5.507663692322942 11.589517314810823 7.802621722888051 4.758170842892186 3.127472327046866 8.19814314324681
510.0 6120.0 7.425128419040399 5.280729042830023 7.119330828283484 6.176809894046449 11.16652890534826 15.638007245029598 7.625399845678209 14.220420553854376 5.272467137601401 9.173183440527943 5.114646757784923 10.994224182705393 7.572408713536636 4.664121799264867 3.1717167145892904 8.303014979368895
520.0 6240.0 7.509003631904641 5.565858618429 7.030845838149123 6.230555562942859 10.659938523650691 16.328373530654204 7.613715557755671 13.987693778337583 5.3282750405263615 8.892225661096225 4.828871577751199 10.867249206095757 7.601795101131699 4.698267354992678 3.13480839495337 8.181005209549435
530.0 6360.0 7.589478467275372 5.854135875382217 7.188817199057643 6.01316118570986 10.003281099220205 15.539048660054105 7.0137511489861275 13.263123440105721 5.085647986531568 9.260359033873069 4.448329268945976 11.146448942824128 7.376081721202598 4.554457839716977 3.0734507049673176 8.471869607629786
540.0 6480.0 7.132292274494224 5.792415935884736 6.890113990486594 6.089846296422709 9.88234991959983 14.669328786725808 6.88787162465474 12.527301036272661 5.046750673536607 9.005310808265563 4.457870066168731 11.425068601884705 7.345898816803467 4.462227077898062 3.044782725163894 8.511049228271432
550.0 6600.0 6.601331705301487 5.52135823002681 6.894151816803277 6.10261063625359 9.878616085321553 14.217482714602216 7.156087353321075 11.931307587309377 4.790895058973271 8.63296579852543 4.339558230855161 11.264650122525252 8.33900676749822 4.475991088092691 3.0156399007785106 7.930417617974927
560.0 6720.0 6.7977158530686665 5.453858119250594 7.01235633650982 6.304075283407942 9.969114502618387 14.934572657829 6.918572731106028 12.57947483378009 4.58831974120009 8.608605470528161 4.610918266172146 10.993682226162036 8.66844858838113 4.291081521397023 2.896318770403215 7.555734757336844
570.0 6840.0 7.100318224091391 5.578351211503437 7.495111364471117 6.253064991931474 9.594235267154563 14.29848217501138 6.606829306886097 11.930973631386614 4.256944444795068 8.396175314691593 4.2303784034518035 11.09775711711094 8.84268690536707 4.008404122166519 2.927948223784923 7.477930000019158
580.0 6960.0 7.2264456507441395 5.569176184960494 7.865272026931276 6.336987851585206 9.522092618256771 14.30654710041681 6.638071945428029 11.541429871627184 4.026552684163188 8.118649214661167 4.176914737124186 10.812007897231975 8.881742770579265 3.988840032684837 2.802880203136125 7.217532099775947
590.0 7080.0 6.474308341942152 5.626063856583582 7.430472851535911 6.1798406782141235 8.694314618136392 13.977872998603681 6.890510110984462 10.457499911832707 4.022611470032106 7.513707042435436 3.6981100311220416 10.500580805395902 8.893448327499458 3.902047044537279 2.7901137701299734 7.006357633176804
600.0 7200.0 6.3202643768738564 5.289902396369341 7.148979896556108 5.986802052646522 8.578337495560868 13.791156808040693 6.914475392800772 9.958399014682312 3.9988544947541254 7.094257085389928 3.4003362503404886 10.098257078387318 8.739669036196844 3.8959333456342486 2.5383122113096057 6.212419010372705
610.0 7320.0 6.320723842441797 5.123570098319092 7.368063015380114 5.6966425753451215 8.50806004585062 13.740238115428335 6.863534371227991 10.011904872896224 4.058461114620316 6.740135879453454 3.192155652323043 9.851051435570161 8.921836046308032 3.7442676792676854 2.560352201729492 5.987329302411798
620.0 7440.0 6.393646691704579 5.589133356659182 7.6319702002663465 5.86944762517673 8.19416619316176 14.830687800361263 7.17059428021224 10.296956448602424 3.982949295954942 6.8989404702538835 3.168328545448057 10.257760786752598 9.299063734486316 4.011743389897824 2.934537084752739 5.86565374061359
630.0 7560.0 6.263188989427277 6.075582554841884 8.158145287290342 5.60438922017335 7.893946767419965 15.029990367329624 7.382228185854132 9.889241086772206 4.126804531427964 7.110078288325003 2.9775678823182017 10.780092279073683 9.66831385536397 4.188995299089692 3.3419755995254703 6.086452501436042
640.0 7680.0 5.682797038485286 6.69090700443479 9.123716408518765 5.513292053619541 7.961058861386384 15.955672580422751 7.3992844978343415 9.183721689736219 4.482544062777572 7.239227611537101 2.8305463533673247 11.09666924080238 11.186574039941911 4.047575982190884 3.86869441299871 5.643871621172818
650.0 7800.0 5.724505799229694 6.856008654295864 9.936877347463456 5.371374185060921 7.7417870613214195 15.942310176832407 7.302045639123548 9.146109604049846 4.575871047647462 7.370626633606245 2.996144464935075 11.029791551844339 11.62068477328288 3.80923081876697 4.111384129116715 5.546676567271938
660.0 7920.0 5.782747838267388 6.687307007394825 10.869388772550325 5.2781258295965685 7.732756209955992 14.998884088769577 7.590379543206929 8.722687949936692 4.471936478566517 7.332493091301314 2.950511478932931 11.545226015334697 12.376285333088195 3.899431421860141 4.644371978953353 5.189757485581459
670.0 8040.0 5.929009397089914 6.579158449101011 11.717602131094958 5.2627758270287215 7.333512785723407 15.179774752948871 7.4345244825619625 8.4271080091268 4.322763453146042 7.114513008266205 2.7962581928401766 11.620810021194384 12.540919091544241 3.90100105703371 4.786504172940587 5.005214947737183
680.0 8160.0 5.683499883979838 6.400465159827384 11.77053267248926 4.906941852619973 7.091855936034979 14.079385860867616 7.102328221580441 7.956308117347783 4.385310128926307 6.792175439646105 2.8016075623968497 11.078710492808941 11.751261034944807 3.9543583420162878 4.882975659449933 4.655522970171422
690.0 8280.0 5.752467005046998 6.221821940643047 11.693546799374763 5.055348717338847 7.013470361563966 13.50858991400052 7.3027941947234964 7.696443063899466 4.236459141839683 6.842406237577393 2.876354396164784 10.97344168378686 11.528983506810555 4.187914050652703 5.104290753912561 4.407679996101513
700.0 8400.0 6.03444914417455 6.259669728511648 12.122551168587043 5.0224875452122575 6.840465797131619 12.65869528464718 7.919611172933176 7.320823474746209 4.232270003088026 7.033461733550285 2.9448027838870803 10.873160648166321 11.19754674608521 4.68659644073355 5.696807279567452 4.989120867111181
710.0 8520.0 6.1597872580792945 6.11408715314685 11.644480112174557 5.1364907707165575 7.112498385027044 13.588134336890935 8.07875889891069 6.963041565676516 4.22869870640271 6.676627881922056 2.950369870611452 10.692035643029802 11.656222815414363 4.860755386782524 5.564610726501984 4.967779210581892
720.0 8640.0 6.047235867571695 6.500184140396139 12.282553256536538 5.310137341104484 7.64010426570044 14.968091891526125 8.93819661397329 6.869812511182981 4.081146984646405 6.92633198652601 2.9089960628934532 11.06848614443019 13.421351967898506 5.208243918687191 5.8512672039954 5.258448428113038
730.0 8760.0 5.5032020659866 6.97810339465035 12.046074502901932 5.40112338478211 7.761302143835777 15.661000119352215 9.085830359348718 6.630098763743685 3.8621846749903934 7.911142106636332 3.003978431316264 11.79409271559788 13.567174940300234 5.212504773644211 5.979783545734351 5.203657749703827
740.0 8880.0 5.517343627588859 6.961117833942967 11.686279996676259 5.74875640001058 7.8999513806700605 15.592439751282813 8.953217279914888 6.528852805966452 4.020537484918564 7.962967953340415 3.1421188439481362 11.59425779572243 13.354303698613881 5.0255756208045925 5.891353814220524 5.261484908798358
750.0 9000.0 5.29833557050267 6.837768169018743 11.071244254339176 5.752807091077122 7.550180485022943 15.387564345474766 8.728149780870721 6.311220992978831 3.7448871610010124 7.977501813523375 3.1184109680516765 11.296191955325233 13.44792696596217 4.844686982062198 5.762743944778436 5.271924999117116
760.0 9120.0 5.443763394645523 6.369945723671211 10.61898338903259 5.565236636465994 7.367394808953664 14.560718117183798 8.233539299595492 6.416587716316656 3.7469606978476397 7.543968908841365 3.0492078791014285 10.651861694391544 13.021258208983676 4.62283848243196 5.471120083229885 5.113864560276784
770.0 9240.0 5.347671663482483 6.200598411018386 9.917304120479212 5.646472242206429 7.5445974747677225 14.789952005805969 8.29590754961849 6.436870626929957 3.5766017449820042 7.49477831596544 2.9863340661798965 10.54567000248091 13.033323548478077 4.516942506134544 5.2747914318704465 4.691661787196379
780.0 9360.0 5.163223576737817 6.028936597086717 9.541455847368002 5.4326992520668735 7.456133031097414 14.29679829015471 8.16750836637036 6.109468270836886 3.5161040620214172 7.192421917086193 2.9981470727262365 10.274742142532439 12.551464609377417 4.534767899298334 5.242323388455178 4.44886110769533
790.0 9480.0 5.396993936234242 5.6548873358860785 9.140483055544756 5.498596927872889 7.160947481561592 13.908964308918984 7.750462777410763 6.1733482909102815 3.3764127900351486 6.80818646537025 3.0204404926695454 9.738471290778806 12.21698228588741 4.251799039294498 4.9313117257986425 4.182943440066155
800.0 9600.0 5.250099071515812 5.726010993048485 8.903245364230429 5.418739266376702 7.258532147953833 13.931416854478915 7.49763326245685 6.448252912683171 3.439987540233541 6.7179377778802545 3.012142384375479 9.546869927178161 11.84298265974406 4.156763607688534 4.993938361698127 4.009325889108352
810.0 9720.0 5.544979548146301 5.9327902929019 9.481289334747798 5.348375566530988 7.229854839278163 14.018876556205374 7.5818163611414615 6.960742829755401 3.8645993996957007 6.8676483169897145 3.1096966247968942 9.874238305465163 11.954834252924666 4.003197617029776 5.2134995449253045 3.877846875599491
820.0 9840.0 5.7665311524626395 5.68754182529307 9.607580175221765 5.532989118525312 7.347920932350638 14.036904919439692 7.395745024401479 7.887320093383071 3.975647017700987 6.737749525912251 3.2489658783177044 9.37981002332779 11.73571141201948 3.9504215025926994 5.146983059041013 3.9151316948177746
830.0 9960.0 5.987067668780201 5.270351132328035 9.247920824013306 5.645798117787794 7.3279201508349665 13.1283170906891 6.987059018635416 8.149621876127037 3.7810110949613196 6.59252626506469 3.3718816496868995 8.61296138356389 10.751737733939484 3.82407363756357 4.903430042417861 3.950779398317124
840.0 10080.0 5.925556159177315 5.119550030514276 9.242132288132112 5.475636832072511 7.110356201597195 12.633328478321433 6.841568751950809 7.908188674348226 3.6730535382404783 6.357806916250333 3.1952713349121784 8.440074247851099 10.761313772290606 3.788265790409153 4.669353853788306 3.697461156627026
850.0 10200.0 5.857682244510189 4.962322784591944 8.933006666657029 5.299620270622945 7.045566113876106 11.941964332971487 6.513813406735685 7.950986901435607 3.632325103792115 6.252954882155492 3.152255724755758 7.87747402055094 10.161934099820186 3.6356861702073275 4.5412259627602936 3.6430097056206563
860.0 10320.0 5.854158385932538 5.450785364568974 9.601850945930357 4.707946098128179 6.699960888750074 10.894822822837574 6.213910446217824 7.593307418683056 3.951561726238291 6.739714029941688 3.0214582465149973 8.258869941630254 9.71694033552272 3.5384350575896817 4.928710172923229 3.5782496183163466
870.0 10440.0 5.967074918694437 5.316190761074489 9.539101147078242 4.878985813169507 6.908534492525647 11.015105460387815 5.783765039465063 7.891595461941464 4.149626041360239 6.842853761778416 3.072174302088002 7.9934666828688 9.054936235511999 3.2806375345268077 4.549332147520192 3.40611350810511
880.0 10560.0 6.253670791981782 5.3765046711730236 9.492441441057968 4.858099153861798 6.49617153001162 11.526282937249006 5.679918940237073 7.772829640485135 4.098181463639857 6.7699407937486225 3.1634724785518182 7.931593598784306 9.123021411057358 3.219551492340995 4.522179974629938 3.437586948842996
890.0 10680.0 6.128602226367559 5.185287999807483 9.324057622828818 4.7247139436685055 6.014293887790028 11.64247787700489 5.284692742481029 7.547564069428733 3.85977402735807 6.471470182162922 2.9952998844780017 7.399145784549735 8.876931378914477 3.017204333158983 4.490127050358439 3.3750878642212307
900.0 10800.0 6.109521679180168 5.1357103490694875 9.170665866064313 4.7273698405859 5.7796403507897915 11.633825497998707 5.146324974761446 7.42201427580737 3.8658644831001294 6.431297565385054 2.9400707861123454 7.399160662538169 8.659048512282139 3.0796729207378792 4.588913575619081 3.3793835252005695
910.0 10920.0 5.9770760442697135 4.801451928962804 8.894365672914809 4.688716152842067 5.904902466579014 11.172670319938002 5.083519341856323 7.255334073710685 3.6381826323350155 6.056168231683818 2.8012623693647076 6.894074246056609 8.247655327678759 3.327228804978462 4.641640294663512 3.424013058635386
920.0 11040.0 5.778938517258429 4.870916453499151 9.156301303836573 4.527119317068698 5.772872306687789 10.436313767385526 4.8624522853703915 7.015622591028059 3.7139118418723647 6.1970168536032455 2.746295279893534 6.914894047182729 7.985818968334273 3.250895899669045 4.667091808395576 3.4269133429195167
930.0 11160.0 6.128629497879235 4.637008795055562 9.266952089431303 4.812081908529368 6.151071892083717 10.552511015728255 4.870410120535668 7.627034673247084 3.7213140615348217 6.214936454168459 3.040068679729903 6.954588572413713 7.444078141413231 3.261374379501115 4.655665956722826 3.4447510039807914
940.0 11280.0 6.185664166691025 4.496061722951442 8.985942889065061 5.03804274085183 6.132730881022309 10.832679916989322 4.554414281086653 7.6856870445574454 3.81300502432886 6.130816697853181 3.1116255431702275 7.06813984682854 6.8764858218783065 3.171850363215203 4.416168019025494 3.4017653090629287
950.0 11400.0 6.028750093668149 4.204232189355989 8.475842084051783 4.987827538369417 5.966058734050062 10.674866418686245 4.520906363586694 7.502829115256491 3.5161560023480463 5.735323994992665 3.08594235167967 6.697665306151713 6.633462781853077 3.0482316464501342 4.076451504778256 3.277245604093643
960.0 11520.0 5.750411257857438 4.349793369923309 8.334183750355596 4.740690570508918 5.912104481657894 10.028944775849473 4.534969524214782 7.329733297683018 3.628826201046568 5.711566790445603 3.0600713091647727 6.277478723384618 6.214768821316131 3.0248299080816294 4.265112357916074 3.191641435231258
